0.2291371  0.006554414
0.2298332  0.006527634
0.2298999  0.006525068
0.2320557  0.006442136
0.2361908  0.006283069
0.2383502  0.006200001
0.2392312  0.00616611
0.239429  0.006158504
0.2416328  0.006073724
0.2436645  0.005995572
0.2448583  0.005949642
0.2454027  0.005928703
0.2469687  0.005868459
0.2517231  0.005685568
0.2525168  0.005655035
0.2530276  0.005635386
0.2546394  0.005573384
0.2595709  0.005383676
0.2602802  0.005356394
0.2606391  0.005342661
0.2613289  0.005318611
0.2670549  0.00512651
0.2673772  0.005115932
0.2684227  0.005081616
0.2722269  0.004956757
0.2739139  0.004901388
0.2746296  0.004877899
0.2778256  0.004773003
0.2785441  0.00474942
0.2796306  0.00471376
0.2814394  0.004654394
0.2833171  0.004592765
0.2885891  0.004419734
0.2888855  0.004410004
0.2909512  0.004342205
0.29115  0.004335681
0.2923424  0.004296545
0.2930545  0.004273171
0.2960509  0.004174828
0.2969785  0.004144382
0.2975741  0.004124836
0.2998506  0.00405012
0.3001285  0.004040999
0.3011097  0.004015973
0.3065231  0.003921178
0.3080347  0.00389508
0.3095653  0.003868652
0.3113896  0.003837153
0.3126534  0.003815332
0.3172231  0.003736431
0.3178768  0.003725145
0.3194657  0.003697712
0.3210742  0.003669938
0.321867  0.00365625
0.3224372  0.003646406
0.3235015  0.00362803
0.3251918  0.003598844
0.326043  0.003584147
0.3262173  0.003581138
0.3273052  0.003562354
0.3276676  0.003556096
0.3286694  0.003538799
0.3295554  0.003523501
0.3331819  0.003460889
0.333604  0.0034536
0.334454  0.003438924
0.3358499  0.003414822
0.3360962  0.003410569
0.3381691  0.003374777
0.3395111  0.003351607
0.3407849  0.003329615
0.341289  0.003320912
0.3420993  0.003306921
0.3423871  0.003301951
0.3429279  0.003292614
0.3474439  0.003214641
0.3501219  0.003168403
0.3504999  0.003161877
0.3506742  0.003158867
0.3511505  0.003150642
0.3513267  0.003147601
0.3518392  0.003138752
0.3538392  0.003104219
0.354255  0.003097039
0.3558883  0.003068838
0.3574311  0.003044059
0.35844  0.003028357
0.3636669  0.002958964
0.3645771  0.002948476
0.3659604  0.002932536
0.367197  0.002918286
0.3708162  0.002876584
0.3724033  0.002858295
0.3733877  0.002846952
0.3749666  0.002828758
0.3784827  0.002788243
0.3788764  0.002783706
0.3809826  0.002759436
0.3820423  0.002747225
0.3913665  0.002639784
0.3953596  0.002593772
0.3964923  0.002580719
0.4022369  0.002514524
0.4065404  0.002464936
0.4080346  0.002447719
0.4092703  0.00243348
0.4136888  0.002382565
0.4141523  0.002377224
0.4168487  0.002346153
0.4199555  0.002310355
0.4210345  0.002297921
0.4217353  0.002289846
0.4223394  0.002282886
0.4225426  0.002280544
0.424247  0.002260904
0.4274253  0.002224281
0.427682  0.002221323
0.4296533  0.002198607
0.4349651  0.002137401
0.4368062  0.002116362
0.4467108  0.002042434
0.4506781  0.002014404
0.4507179  0.002014123
0.4513004  0.002010008
0.4538829  0.001991762
0.4539386  0.001991368
0.4540772  0.001990389
0.4556511  0.001979269
0.4559013  0.001977502
0.4579077  0.001963326
0.4593088  0.001953427
0.4600835  0.001947954
0.4601028  0.001947817
0.4613218  0.001939205
0.4649453  0.001913604
0.4678667  0.001892964
0.469967  0.001878125
0.4731184  0.00185586
0.4759624  0.001835767
0.476351  0.001833021
0.477441  0.001825319
0.4791553  0.001813208
0.4792468  0.001812561
0.4800001  0.001807239
0.4809632  0.001800435
0.4812232  0.001798598
0.4955523  0.00169736
0.4967513  0.00168889
0.497751  0.001681827
0.4985721  0.001676026
0.500979  0.00165902
0.5014838  0.001655454
0.5017175  0.001653802
0.5017663  0.001653458
0.5018868  0.001652606
0.5027153  0.001646752
0.502927  0.001645257
0.503576  0.001640671
0.505914  0.001624153
0.5072249  0.001614892
0.5079557  0.001609728
0.5081849  0.001608109
0.5114551  0.001585004
0.5151345  0.001559009
0.5201856  0.001523323
0.5215347  0.00151379
0.5226569  0.001505862
0.5263461  0.001479797
0.529502  0.0014575
0.5296318  0.001456583
0.5302312  0.001452349
0.5312909  0.001444862
0.5352232  0.001417078
0.5352964  0.001416561
0.5356446  0.001414102
0.535937  0.001412035
0.5379981  0.001397474
0.5400146  0.001383227
0.548403  0.001347097
0.5487681  0.001345555
0.5489276  0.001344886
0.5501462  0.001339773
0.5542553  0.001322531
0.5548439  0.001320061
0.5548889  0.001319872
0.556539  0.001312948
0.5585594  0.00130447
0.5609916  0.001294264
0.5639016  0.001282054
0.5647351  0.001278556
0.5683267  0.001263485
0.5688023  0.001261489
0.569216  0.001259753
0.5738126  0.001240465
0.5743581  0.001238177
0.5747711  0.001236443
0.5757201  0.001232461
0.5761594  0.001230618
0.579499  0.001216605
0.5807871  0.0012112
0.5834973  0.001199828
0.5844754  0.001195723
0.5857516  0.001190368
0.5868414  0.001185795
0.5868437  0.001185785
0.5872452  0.0011841
0.5880442  0.001180747
0.5887555  0.001177763
0.58919  0.00117594
0.5896078  0.001174187
0.5907672  0.001169322
0.5969921  0.001143201
0.5999386  0.001130837
0.6004074  0.00112887
0.600773  0.001127336
0.6010797  0.001126048
0.6046795  0.001110944
0.6060766  0.001105081
0.6062467  0.001104368
0.6081245  0.001096488
0.6159324  0.001063725
0.6164458  0.001061571
0.6177304  0.001056181
0.6183707  0.001053494
0.6187317  0.001051979
0.6190989  0.001050438
0.6215006  0.00104036
0.6222279  0.001037308
0.6241409  0.001029281
0.6243397  0.001028447
0.6252861  0.001024476
0.6256619  0.001022899
0.6264787  0.001019471
0.6269959  0.001017301
0.6279387  0.001013345
0.628322  0.001011737
0.6294252  0.001007107
0.6315553  0.000998169
0.6329334  0.0009923864
0.633482  0.0009900844
0.6338124  0.0009886981
0.6350795  0.0009833809
0.6355112  0.0009815693
0.6379715  0.0009712459
0.6388221  0.0009676766
0.6422193  0.0009534215
0.6429847  0.0009502097
0.6468143  0.0009341399
0.6494733  0.0009260399
0.6502327  0.00092435
0.6504119  0.0009239514
0.6572827  0.0009086604
0.6579179  0.0009072469
0.6702104  0.0008798901
0.6707524  0.0008786838
0.6728765  0.0008739569
0.6740026  0.0008714507
0.6741224  0.0008711842
0.6755128  0.0008680897
0.6771948  0.0008643467
0.6774552  0.0008637671
0.679615  0.0008589607
0.6821069  0.000853415
0.6830533  0.0008513088
0.6848308  0.000847353
0.6851464  0.0008466506
0.6896097  0.0008367176
0.692069  0.0008312445
0.6980346  0.0008179683
0.6982761  0.0008174307
0.7028314  0.000807293
0.7029939  0.0008069313
0.7032485  0.0008063648
0.7038738  0.0008049732
0.7063836  0.0007993876
0.7086175  0.0007944162
0.7104378  0.0007903652
0.7105461  0.0007901242
0.710971  0.0007891785
0.711568  0.00078785
0.7118127  0.0007873055
0.7128547  0.0007849864
0.7130525  0.0007845462
0.7144201  0.0007815027
0.7152623  0.0007796283
0.7166103  0.0007766283
0.7170535  0.0007756421
0.7211938  0.0007664278
0.7262536  0.0007551674
0.7270888  0.0007533089
0.7271966  0.000753069
0.7299533  0.0007469339
0.7329105  0.0007403526
0.7349794  0.0007357484
0.7395253  0.0007256318
0.7406949  0.0007230287
0.7430216  0.0007178507
0.7433924  0.0007170255
0.7442489  0.0007151192
0.74472  0.0007140708
0.7460294  0.000711157
0.7472291  0.000708487
0.7483929  0.0007058971
0.7495269  0.0007033734
0.7496243  0.0007031564
0.7500423  0.0007022264
0.7502476  0.0007017693
0.7520144  0.0006978374
0.7522232  0.0006973728
0.7539718  0.0006934812
0.7590497  0.0006821806
0.7591218  0.0006820201
0.7600024  0.0006800604
0.7636848  0.0006718653
0.7640783  0.0006709896
0.7657932  0.0006675821
0.7658382  0.0006675178
0.7665542  0.0006664962
0.7688048  0.0006632849
0.7704567  0.0006609279
0.7716045  0.0006592903
0.7716863  0.0006591735
0.7720774  0.0006586154
0.7731037  0.000657151
0.7737936  0.0006561667
0.7743012  0.0006554425
0.7748725  0.0006546273
0.7752751  0.0006540529
0.7770791  0.0006514789
0.7775628  0.0006507887
0.7797641  0.0006476478
0.7827799  0.0006433447
0.7833183  0.0006425765
0.7842185  0.0006412921
0.7867222  0.0006377196
0.7871309  0.0006371364
0.7897169  0.0006334465
0.7905576  0.000632247
0.7916157  0.0006307373
0.7935858  0.0006279264
0.7937955  0.0006276272
0.7939969  0.0006273397
0.7940407  0.0006272773
0.7942462  0.000626984
0.7955641  0.0006251036
0.7971524  0.0006228373
0.7973592  0.0006225422
0.7987815  0.0006205128
0.8024313  0.0006153052
0.803314  0.0006140457
0.8038037  0.0006133469
0.8046016  0.0006122086
0.8050742  0.0006115342
0.8059402  0.0006102985
0.8088697  0.0006061187
0.808913  0.0006060569
0.8103356  0.000604027
0.8105126  0.0006037745
0.8114802  0.0006023938
0.8120595  0.0006015673
0.8155972  0.0005965195
0.8158257  0.0005961935
0.8192455  0.0005913139
0.8196213  0.0005907777
0.821245  0.000588461
0.8225208  0.0005866406
0.822767  0.0005862893
0.8230685  0.0005858592
0.8252683  0.0005827204
0.826034  0.0005816279
0.8316964  0.0005735484
0.8339679  0.0005703073
0.8350255  0.0005687983
0.8352852  0.0005684278
0.8368643  0.0005661746
0.8374485  0.000565341
0.839852  0.0005619118
0.8456988  0.0005535691
0.8457636  0.0005534767
0.8495669  0.0005480499
0.8502177  0.0005471214
0.8502458  0.0005470813
0.851541  0.0005452333
0.8517477  0.0005449384
0.8519705  0.0005446205
0.8549479  0.0005403722
0.8568911  0.0005375996
0.8580186  0.0005359908
0.8629621  0.0005289373
0.864799  0.0005263163
0.8656023  0.0005251701
0.8675416  0.0005224029
0.8703397  0.0005184104
0.8737317  0.0005135706
0.8740804  0.0005130731
0.8741467  0.0005129785
0.8753762  0.0005112242
0.8782019  0.0005071923
0.8784006  0.0005069088
0.8814159  0.0005026064
0.88186  0.0005019727
0.8832191  0.0005000335
0.8846187  0.0004980366
0.885624  0.0004966022
0.8874747  0.0004939615
0.8902894  0.0004901381
0.890544  0.0004898113
0.8913676  0.0004887542
0.8916972  0.000488331
0.8981335  0.0004816485
0.8998997  0.0004800236
0.9010731  0.000478944
0.9032326  0.0004769572
0.9032702  0.0004769226
0.9038979  0.0004763452
0.9059721  0.0004744369
0.9084025  0.000472201
0.9122026  0.0004687047
0.9125802  0.0004683573
0.9128024  0.0004681529
0.9132231  0.0004677659
0.9135657  0.0004674507
0.9136216  0.0004673992
0.9150582  0.0004660776
0.9159103  0.0004652936
0.9176313  0.0004637103
0.9207455  0.0004608451
0.9259272  0.0004560779
0.9292739  0.000452999
0.9297945  0.00045252
0.9305226  0.0004518501
0.9346415  0.0004480605
0.9367818  0.0004460915
0.9368953  0.000445987
0.9382608  0.0004447307
0.9401343  0.0004430071
0.9439663  0.0004394816
0.9441393  0.0004393225
0.9444254  0.0004390592
0.9463278  0.000437309
0.9537295  0.0004304994
0.9541795  0.0004300853
0.9571385  0.000427363
0.9580123  0.0004265591
0.9588465  0.0004257917
0.959288  0.0004253854
0.9597304  0.0004249784
0.9638246  0.0004212117
0.9639271  0.0004211174
0.966289  0.0004189444
0.9676417  0.0004176999
0.9678038  0.0004175508
0.9714829  0.0004141658
0.9741249  0.0004117353
0.9760422  0.0004099713
0.9768619  0.0004092172
0.9775778  0.0004085585
0.9784884  0.0004077208
0.9797143  0.0004065929
0.9802748  0.0004060773
0.9811509  0.0004052712
0.9812658  0.0004051654
0.9827147  0.0004038324
0.9841944  0.0004024712
0.985516  0.0004012553
0.985781  0.0004010115
0.9867578  0.0004001128
0.9874544  0.0003994719
0.9889584  0.0003980882
0.9893213  0.0003977543
0.9895174  0.000397574
0.9927348  0.0003946138
0.9929334  0.0003944311
0.9940159  0.0003934352
0.9949565  0.0003925698
0.9963356  0.0003913011
0.9986774  0.0003891465
1.001362  0.0003866767
1.002068  0.0003860273
1.003055  0.0003851191
1.005114  0.0003832248
1.005585  0.0003827914
1.006902  0.0003815848
1.010508  0.0003784261
1.01086  0.0003781817
1.011691  0.0003776044
1.01466  0.0003755421
1.014686  0.000375524
1.021894  0.0003705176
1.026204  0.0003675234
1.027873  0.0003663643
1.032218  0.0003633461
1.0329  0.0003628726
1.03567  0.0003609486
1.035684  0.0003609383
1.035781  0.0003608712
1.035852  0.0003608221
1.036037  0.0003606933
1.037085  0.0003599651
1.038849  0.0003587403
1.040143  0.0003578416
1.041991  0.0003565577
1.045101  0.0003543974
1.04755  0.0003526961
1.047846  0.0003524909
1.051295  0.0003500949
1.051759  0.0003497728
1.05738  0.0003458678
1.05905  0.0003447078
1.060533  0.0003436777
1.061536  0.0003429808
1.061956  0.0003426894
1.067638  0.0003387428
1.068669  0.0003380268
1.070996  0.0003364107
1.07108  0.0003363518
1.07125  0.0003362339
1.072738  0.0003352004
1.072855  0.0003351186
1.072952  0.0003350513
1.075489  0.000333289
1.078511  0.0003311899
1.079231  0.0003306902
1.081975  0.0003287834
1.086184  0.0003258606
1.086516  0.0003256299
1.090836  0.0003226292
1.097986  0.0003176622
1.098027  0.0003176339
1.099538  0.000316584
1.101483  0.0003152335
1.103592  0.0003137679
1.105149  0.0003126862
1.108687  0.0003102297
1.108703  0.0003102184
1.112296  0.0003077228
1.113732  0.0003067248
1.114201  0.0003063994
1.116583  0.0003047444
1.117576  0.0003040545
1.117766  0.0003039225
1.122277  0.0003007893
1.125458  0.0002985798
1.126158  0.0002980933
1.128851  0.0002962229
1.133545  0.0002929622
1.135185  0.0002918232
1.135873  0.0002913456
1.137301  0.0002903534
1.13789  0.0002899441
1.139955  0.0002885097
1.140898  0.0002878552
1.142268  0.0002870124
1.14236  0.0002869691
1.143346  0.0002865172
1.145334  0.0002856056
1.148835  0.0002839999
1.149323  0.0002837761
1.149551  0.000283672
1.153227  0.0002819859
1.154713  0.0002813042
1.157857  0.0002798628
1.160675  0.0002785707
1.163731  0.0002771692
1.165633  0.0002762966
1.167406  0.0002754837
1.16742  0.0002754774
1.168456  0.000275002
1.169759  0.0002744047
1.172561  0.0002731201
1.172621  0.0002730924
1.173628  0.0002726309
1.175049  0.0002719792
1.176264  0.0002714221
1.179844  0.0002697802
1.180225  0.0002696053
1.180772  0.0002693549
1.18121  0.0002691537
1.182182  0.0002687079
1.185126  0.000267358
1.185264  0.0002672948
1.185589  0.0002671457
1.186125  0.0002669001
1.187075  0.0002664643
1.187983  0.0002660481
1.188248  0.0002659262
1.188764  0.0002656897
1.190003  0.0002651215
1.190389  0.0002649446
1.19069  0.0002648066
1.191675  0.0002643548
1.193692  0.0002634303
1.194884  0.0002628835
1.195225  0.0002627269
1.19727  0.0002617893
1.197632  0.0002616234
1.198243  0.0002613432
1.200831  0.0002601565
1.202247  0.0002595068
1.202612  0.0002593393
1.204398  0.0002585204
1.204464  0.0002584903
1.205012  0.0002582392
1.205736  0.000257907
1.209615  0.0002561281
1.209922  0.0002559872
1.21023  0.0002558459
1.213462  0.000254364
1.21476  0.0002537691
1.215606  0.0002533812
1.215695  0.0002533402
1.217274  0.0002526161
1.219416  0.0002516337
1.219455  0.0002516161
1.221315  0.0002507632
1.222661  0.0002501457
1.223447  0.0002497855
1.22382  0.0002496146
1.224813  0.0002491586
1.227462  0.0002479442
1.229896  0.0002468279
1.23015  0.0002467112
1.230492  0.0002465545
1.233899  0.0002449924
1.237675  0.0002432607
1.237997  0.000243113
1.238626  0.0002428245
1.239732  0.0002423175
1.240789  0.0002418327
1.250082  0.000237571
1.251126  0.0002370925
1.252359  0.000236527
1.256934  0.0002344293
1.260405  0.0002328375
1.260784  0.0002326637
1.261706  0.0002322409
1.261713  0.0002322377
1.263785  0.0002312876
1.266049  0.0002302495
1.266793  0.0002299079
1.269499  0.0002286674
1.269734  0.0002285595
1.271969  0.0002275346
1.272602  0.0002272442
1.276476  0.0002254679
1.277026  0.0002252155
1.277912  0.0002248091
1.279579  0.000224045
1.281068  0.0002233623
1.282143  0.0002228695
1.282282  0.0002228053
1.283246  0.0002223636
1.283848  0.0002220871
1.28953  0.0002194815
1.289767  0.000219373
1.291371  0.0002186377
1.292048  0.0002183271
1.292552  0.0002181005
1.295728  0.0002169892
1.29783  0.0002162533
1.299192  0.0002157778
1.300534  0.0002153308
1.301857  0.00021489
1.302007  0.0002148398
1.3102  0.0002121106
1.312506  0.0002113426
1.315686  0.0002102829
1.317276  0.0002097533
1.317845  0.0002095637
1.319081  0.0002091521
1.321377  0.0002083874
1.325416  0.0002070417
1.327238  0.0002064349
1.328433  0.0002060367
1.328595  0.0002059827
1.329607  0.0002056457
1.329694  0.0002056166
1.339673  0.0002022923
1.341154  0.0002017989
1.341541  0.0002016701
1.344921  0.0002005442
1.346393  0.0002000537
1.349192  0.0001991213
1.350803  0.0001985846
1.352491  0.0001980223
1.352805  0.0001979176
1.353755  0.0001976011
1.356434  0.0001967089
1.357859  0.0001962343
1.358931  0.0001958772
1.361106  0.0001951524
1.362935  0.000194543
1.363614  0.000194317
1.368064  0.0001928346
1.369448  0.0001923736
1.371028  0.0001918474
1.373722  0.0001909498
1.373942  0.0001908764
1.375747  0.0001902754
1.378756  0.0001892729
1.37989  0.0001888952
1.381784  0.0001882641
1.382905  0.0001878906
1.383711  0.0001876223
1.384937  0.000187214
1.385469  0.0001870365
1.388306  0.0001860914
1.393119  0.0001844882
1.3939  0.000184228
1.39564  0.0001836485
1.395946  0.0001835465
1.396052  0.0001835111
1.399743  0.0001822813
1.400306  0.0001820939
1.403754  0.0001809452
1.407181  0.0001798038
1.408182  0.0001794705
1.412103  0.000178164
1.419695  0.0001756351
1.420782  0.0001752729
1.420888  0.0001752375
1.423152  0.0001744835
1.424046  0.0001741856
1.42445  0.000174051
1.426305  0.0001734331
1.428439  0.0001727221
1.432915  0.000171231
1.433974  0.0001708784
1.434886  0.0001705744
1.436958  0.0001698842
1.437582  0.0001696763
1.439099  0.0001691711
1.440647  0.0001686553
1.440807  0.0001686019
1.44214  0.0001681579
1.444884  0.0001673108
1.445417  0.0001671509
1.45221  0.0001656425
1.453038  0.0001654629
1.454011  0.0001652518
1.454879  0.0001650636
1.455537  0.0001649209
1.457187  0.0001645629
1.458229  0.0001643369
1.458757  0.0001642223
1.459677  0.0001640227
1.463198  0.0001632588
1.463474  0.0001631988
1.464134  0.0001630556
1.465322  0.0001627981
1.465952  0.0001626612
1.466174  0.0001626132
1.466508  0.0001625408
1.467764  0.0001622684
1.467929  0.0001622324
1.469564  0.000161878
1.470616  0.0001616496
1.471533  0.0001614508
1.47273  0.0001611911
1.47496  0.0001607071
1.476326  0.0001604109
1.478226  0.0001599988
1.481555  0.0001592764
1.488634  0.0001577408
1.489309  0.0001575944
1.489754  0.0001574979
1.49101  0.0001572253
1.491821  0.0001570494
1.493177  0.0001567553
1.497937  0.0001557226
1.499334  0.0001554196
1.502013  0.0001548384
1.506597  0.0001538441
1.507284  0.0001536951
1.508679  0.0001533923
1.508805  0.000153365
1.510894  0.0001529118
1.511011  0.0001528865
1.511937  0.0001526855
1.512329  0.0001526006
1.513358  0.0001523772
1.514103  0.0001522157
1.515012  0.0001520185
1.517591  0.000151459
1.520672  0.0001507905
1.521776  0.000150551
1.52234  0.0001504287
1.523982  0.0001500724
1.524622  0.0001499338
1.524674  0.0001499224
1.533285  0.0001480543
1.536268  0.0001474072
1.53741  0.0001471596
1.540165  0.0001465619
1.541435  0.0001462863
1.542178  0.0001461253
1.542254  0.0001461087
1.543982  0.0001457338
1.545048  0.0001455025
1.545284  0.0001454514
1.545625  0.0001453773
1.546283  0.0001452347
1.547023  0.0001450742
1.547292  0.0001450159
1.547377  0.0001449975
1.548677  0.0001447153
1.553432  0.0001436838
1.555795  0.0001431713
1.555951  0.0001431372
1.559441  0.0001423802
1.561054  0.0001420302
1.56505  0.0001411635
1.566633  0.00014082
1.568721  0.0001403671
1.56988  0.0001401157
1.571671  0.0001397268
1.573078  0.0001394218
1.575028  0.0001389988
1.579172  0.0001380999
1.580473  0.0001378175
1.583649  0.0001371285
1.585093  0.0001368153
1.58683  0.0001364386
1.588138  0.0001361548
1.588418  0.000136094
1.589907  0.0001357731
1.590011  0.000135753
1.591799  0.0001354066
1.593724  0.0001350341
1.595653  0.0001347021
1.596858  0.0001344946
1.597358  0.0001344085
1.599584  0.0001340252
1.601877  0.0001336306
1.60347  0.0001333564
1.603851  0.0001332908
1.608876  0.0001324257
1.611464  0.0001319801
1.613936  0.0001315545
1.615955  0.0001312069
1.616679  0.0001310823
1.619958  0.0001305179
1.620802  0.0001303725
1.621113  0.0001303189
1.622252  0.0001301228
1.624907  0.0001296659
1.627234  0.0001292651
1.630219  0.0001287512
1.631328  0.0001285604
1.633587  0.0001281715
1.635731  0.0001278024
1.636728  0.0001276308
1.636868  0.0001276067
1.639462  0.0001271601
1.642019  0.0001267198
1.644047  0.0001263708
1.645802  0.0001260686
1.656714  0.0001241901
1.659608  0.0001236919
1.660069  0.0001236124
1.66104  0.0001234453
1.662347  0.0001232203
1.662539  0.0001231873
1.66655  0.0001224968
1.669861  0.0001219265
1.670819  0.0001217617
1.67135  0.0001216705
1.671576  0.0001216315
1.673329  0.0001213297
1.676316  0.0001208154
1.679795  0.0001202165
1.680038  0.0001201746
1.681001  0.0001200088
1.681221  0.0001199709
1.682043  0.0001198294
1.682127  0.000119815
1.682137  0.0001198133
1.684854  0.0001193454
1.689792  0.0001184955
1.691929  0.0001181276
1.693438  0.0001178678
1.695888  0.0001174459
1.697737  0.0001171277
1.69788  0.0001171031
1.702541  0.0001163006
1.702666  0.0001162791
1.702784  0.0001162588
1.709198  0.0001151546
1.710189  0.000114984
1.710437  0.0001149413
1.711932  0.000114684
1.713662  0.000114386
1.714761  0.0001141968
1.714873  0.0001141776
1.719645  0.000113356
1.720407  0.000113225
1.720638  0.0001131851
1.722465  0.0001128706
1.724571  0.0001125081
1.724821  0.000112465
1.725036  0.0001124279
1.725774  0.0001123009
1.725967  0.0001122678
1.726062  0.0001122514
1.731836  0.0001112573
1.732587  0.000111128
1.744785  0.000109028
1.744995  0.0001089919
1.746542  0.0001087256
1.751487  0.0001078743
1.751854  0.0001078113
1.752816  0.0001076456
1.753406  0.000107544
1.75473  0.000107316
1.756645  0.0001069864
1.757299  0.0001068876
1.757676  0.0001068376
1.758623  0.0001067122
1.762467  0.0001062263
1.762519  0.0001062201
1.763521  0.0001061012
1.764481  0.0001059875
1.765175  0.0001059052
1.767455  0.0001056349
1.769335  0.000105412
1.773808  0.0001048816
1.778768  0.0001042935
1.779137  0.0001042497
1.779986  0.0001041491
1.780327  0.0001041086
1.782354  0.0001038682
1.782725  0.0001038242
1.783533  0.0001037285
1.786595  0.0001033654
1.791777  0.000102751
1.795054  0.0001023624
1.796924  0.0001021407
1.796947  0.000102138
1.801287  0.0001016234
1.806265  0.0001010331
1.808661  0.000100749
1.811207  0.0001004471
1.812586  0.0001002836
1.813929  0.0001001244
1.817068  0.00009975221
1.819222  0.00009949682
1.819484  0.00009946579
1.822038  0.00009916286
1.822554  0.00009910173
1.823984  0.00009893212
1.827016  0.00009857262
1.829597  0.00009826665
1.830266  0.0000981873
1.830933  0.00009810819
1.831046  0.00009809477
1.831251  0.00009807053
1.833586  0.00009779366
1.834951  0.00009763176
1.842171  0.00009677568
1.84384  0.00009657789
1.843871  0.00009657422
1.843959  0.00009656376
1.846426  0.00009627116
1.850963  0.00009573329
1.851505  0.00009566902
1.854009  0.00009537205
1.855023  0.0000952518
1.856125  0.00009512114
1.859558  0.00009471411
1.860795  0.00009456748
1.86097  0.00009454671
1.865536  0.00009400529
1.868625  0.00009363898
1.870827  0.000093378
1.875632  0.00009280826
1.875664  0.00009280446
1.88066  0.00009221207
1.880844  0.00009219019
1.881324  0.00009213332
1.882155  0.00009203481
1.882955  0.00009193988
1.883767  0.00009184363
1.884435  0.00009176438
1.884614  0.00009174324
1.885676  0.00009161728
1.886128  0.00009156365
1.886805  0.00009148337
1.891055  0.00009097947
1.892542  0.00009080312
1.894068  0.00009062225
1.894678  0.00009054996
1.895457  0.00009045757
1.896317  0.00009035561
1.898742  0.00009006812
1.899094  0.00009002629
1.899898  0.00008993101
1.900093  0.00008990785
1.900898  0.00008981241
1.901601  0.00008972913
1.902775  0.00008958991
1.903769  0.00008947201
1.905852  0.00008922504
1.907737  0.00008900145
1.909385  0.00008880605
1.911006  0.00008861386
1.911181  0.00008859319
1.911211  0.00008858959
1.911227  0.00008858762
1.912248  0.00008846659
1.919226  0.00008763931
1.921566  0.00008736182
1.924792  0.00008697922
1.925547  0.00008688968
1.926278  0.000086803
1.926901  0.00008672919
1.934053  0.00008588122
1.934288  0.0000858533
1.935602  0.00008569752
1.936339  0.00008561012
1.941103  0.00008508262
1.941644  0.00008502753
1.94337  0.00008485181
1.944929  0.00008469306
1.945062  0.00008467955
1.947001  0.00008448217
1.947387  0.00008444288
1.950092  0.00008416748
1.951134  0.00008406141
1.953787  0.00008379126
1.954062  0.00008376325
1.954209  0.00008374824
1.956418  0.00008352347
1.956501  0.00008351499
1.96254  0.00008290015
1.966724  0.00008247423
1.967266  0.00008241903
1.96766  0.00008237895
1.970926  0.00008204635
1.971302  0.00008200812
1.976867  0.00008144159
1.979631  0.00008116017
1.981731  0.00008094638
1.982404  0.00008087785
1.983816  0.00008073411
1.993256  0.00007977313
1.995475  0.00007954711
1.995803  0.00007951382
1.996615  0.00007943111
1.996665  0.00007942598
1.997299  0.00007936151
2.004129  0.00007866609
2.008931  0.00007817731
2.009688  0.00007810025
2.010419  0.00007802581
2.011997  0.00007786514
2.012853  0.00007777803
2.014179  0.00007764302
2.014796  0.00007758019
2.017293  0.000077326
2.018259  0.00007722769
2.019071  0.00007714496
2.02125  0.00007692318
2.022526  0.00007679325
2.024462  0.00007659608
2.02477  0.00007656477
2.025564  0.00007648394
2.025877  0.00007645208
2.026172  0.00007642198
2.026962  0.0000763416
2.028216  0.00007621385
2.030783  0.0000759525
2.032198  0.00007580852
2.036703  0.00007534987
2.041226  0.00007488941
2.042475  0.00007476223
2.04505  0.00007450006
2.047203  0.00007428093
2.047584  0.00007424216
2.047913  0.00007420858
2.047996  0.00007420018
2.049674  0.00007402937
2.052634  0.00007372807
2.053268  0.00007366345
2.054403  0.00007354797
2.054878  0.00007349961
2.058589  0.00007312179
2.058661  0.00007311442
2.059309  0.00007304846
2.061061  0.00007287014
2.073812  0.00007157195
2.07405  0.00007154774
2.078086  0.00007113677
2.085109  0.0000704219
2.085707  0.00007036093
2.087062  0.00007022301
2.092078  0.00006971235
2.096231  0.00006928958
2.097452  0.00006916529
2.097938  0.00006911576
2.099804  0.00006892573
2.100333  0.00006887187
2.105268  0.00006836953
2.107198  0.00006817302
2.107919  0.00006809957
2.110683  0.00006781826
2.114575  0.00006742202
2.115448  0.00006733314
2.115759  0.00006730141
2.118834  0.00006698836
2.119468  0.00006692394
2.120782  0.0000667901
2.126511  0.00006630631
2.126818  0.00006628786
2.127972  0.00006622931
2.129584  0.00006614939
2.13171  0.00006604398
2.131789  0.00006604002
2.137927  0.00006573574
2.139836  0.0000656411
2.140136  0.00006562625
2.142965  0.000065486
2.146897  0.00006529103
2.14927  0.00006517336
2.152883  0.00006499424
2.154866  0.00006489594
2.155295  0.0000648747
2.155924  0.0000648435
2.158136  0.00006473385
2.15821  0.00006473018
2.160088  0.00006463706
2.160134  0.00006463477
2.160792  0.00006460214
2.161415  0.00006457129
2.163743  0.00006445583
2.164107  0.00006443781
2.167636  0.00006426286
2.169167  0.00006418696
2.169986  0.00006414638
2.17067  0.00006411247
2.171785  0.00006405717
2.177651  0.00006376637
2.178018  0.00006374817
2.181774  0.00006356195
2.185079  0.00006339809
2.185337  0.00006338529
2.185819  0.0000633614
2.185836  0.00006336053
2.189285  0.00006318956
2.189894  0.00006315935
2.193191  0.0000629959
2.193495  0.00006298088
2.195945  0.00006285941
2.196185  0.0000628475
2.197471  0.00006278373
2.199295  0.00006269328
2.202139  0.00006255226
2.202237  0.00006254744
2.203467  0.00006248646
2.204922  0.00006241431
2.207698  0.00006227671
2.208968  0.00006221376
2.21648  0.00006184136
2.217707  0.00006178052
2.22  0.00006166679
2.220482  0.00006164288
2.221648  0.00006158509
2.222303  0.00006155263
2.222632  0.00006153631
2.223273  0.00006150455
2.224734  0.00006143211
2.22752  0.00006129396
2.23172  0.00006108572
2.234615  0.00006094225
2.235078  0.00006091927
2.237295  0.00006080937
2.238725  0.00006073848
2.240112  0.00006066973
2.240577  0.00006064667
2.241127  0.00006061937
2.245513  0.00006040191
2.245865  0.00006038446
2.246425  0.00006035674
2.247008  0.00006032782
2.247228  0.0000603169
2.248853  0.00006023638
2.250576  0.00006015093
2.251399  0.00006011013
2.253427  0.00006000958
2.254594  0.00005995169
2.254782  0.00005994238
2.255242  0.00005991957
2.262284  0.00005957048
2.263925  0.00005948914
2.265635  0.00005940435
2.268609  0.0000592569
2.268651  0.00005925484
2.27015  0.00005918051
2.271637  0.00005910679
2.273802  0.00005899944
2.2746  0.00005895989
2.274661  0.00005895685
2.2747  0.0000589549
2.277865  0.00005879802
2.278353  0.0000587738
2.28059  0.0000586629
2.281103  0.0000586375
2.286504  0.00005836974
2.286858  0.00005835218
2.290577  0.00005816784
2.291653  0.00005811443
2.29234  0.0000580804
2.292855  0.00005805484
2.295476  0.00005792493
2.295846  0.00005790656
2.299242  0.0000577382
2.307718  0.00005732115
2.310088  0.0000572072
2.310944  0.00005716607
2.311521  0.00005713832
2.311692  0.00005713007
2.314659  0.00005698745
2.318067  0.00005682357
2.318191  0.00005681764
2.318851  0.00005678588
2.319438  0.0000567577
2.321411  0.00005666282
2.321894  0.00005663961
2.322135  0.000056628
2.32271  0.00005660038
2.322715  0.00005660016
2.326074  0.00005643867
2.328551  0.00005631955
2.328561  0.0000563191
2.330583  0.00005622186
2.330595  0.00005622132
2.331418  0.00005618173
2.334909  0.0000560139
2.344068  0.00005557355
2.344225  0.00005556604
2.345406  0.00005550926
2.346019  0.00005547978
2.347414  0.00005541273
2.348609  0.00005535524
2.351372  0.00005522243
2.351408  0.00005522068
2.351716  0.0000552059
2.353886  0.00005510155
2.355526  0.00005502269
2.358153  0.00005489641
2.358522  0.00005487866
2.360848  0.00005476685
2.364204  0.00005460546
2.366419  0.00005449902
2.369413  0.00005435505
2.369422  0.00005435462
2.373055  0.00005417997
2.375781  0.00005404888
2.375809  0.00005404756
2.376465  0.00005401599
2.377935  0.00005394534
2.378349  0.00005392545
2.38387  0.00005365999
2.389742  0.0000533777
2.389816  0.00005337415
2.391002  0.00005331711
2.391425  0.00005329681
2.393045  0.00005321894
2.395072  0.00005312149
2.39628  0.0000530634
2.396731  0.0000530417
2.397067  0.00005302557
2.39727  0.00005301579
2.398346  0.0000529641
2.399027  0.00005293137
2.400253  0.00005287239
2.400678  0.00005285196
2.402103  0.00005278345
2.403001  0.00005274029
2.405264  0.00005263147
2.40667  0.00005256387
2.40717  0.00005253982
2.407657  0.00005251644
2.411332  0.00005233976
2.412647  0.00005227654
2.416376  0.00005209723
2.418217  0.00005200873
2.420877  0.00005188087
2.422025  0.00005182566
2.426734  0.00005159925
2.427339  0.00005157019
2.42915  0.0000514831
2.430854  0.00005140123
2.432802  0.00005130756
2.43327  0.00005128503
2.437604  0.00005107671
2.437803  0.00005106715
2.43847  0.00005103506
2.443877  0.0000507751
2.4445  0.00005074518
2.445685  0.00005068821
2.450348  0.000050464
2.451642  0.00005040182
2.45554  0.00005021438
2.456874  0.00005015024
2.458323  0.00005008059
2.459523  0.0000500229
2.459703  0.00005001426
2.461462  0.00004992969
2.461463  0.00004992966
2.462127  0.00004989773
2.465748  0.00004972362
2.466845  0.00004967252
2.466957  0.00004966743
2.469856  0.00004954918
2.471675  0.00004947637
2.472377  0.00004944825
2.473832  0.00004939006
2.474238  0.00004937377
2.475623  0.00004931835
2.479832  0.00004914992
2.481813  0.00004907061
2.487008  0.00004886271
2.489071  0.00004878013
2.491037  0.00004870146
2.492909  0.00004862651
2.499737  0.0000483532
2.50035  0.00004832868
2.500653  0.00004831653
2.505237  0.00004813307
2.507697  0.00004803464
2.508179  0.00004801534
2.508832  0.00004798922
2.509951  0.00004794442
2.510416  0.0000479258
2.511366  0.00004788781
2.512426  0.00004784538
2.516122  0.00004769742
2.519268  0.0000475715
2.519801  0.00004755017
2.524008  0.00004738182
2.525087  0.00004733861
2.526833  0.00004726876
2.528788  0.00004719048
2.529986  0.00004714253
2.531665  0.00004707535
2.536305  0.00004688964
2.536505  0.0000468816
2.539257  0.0000467715
2.546269  0.00004649085
2.548753  0.00004639142
2.549395  0.00004636575
2.551615  0.00004627686
2.551825  0.00004626846
2.557457  0.00004604306
2.558582  0.00004599801
2.560712  0.00004591275
2.56088  0.00004590606
2.560957  0.00004590294
2.561379  0.00004588605
2.561556  0.00004587897
2.56202  0.00004586042
2.56485  0.00004574712
2.567255  0.00004565087
2.570258  0.00004553069
2.573904  0.00004538478
2.577128  0.00004525573
2.577477  0.00004524176
2.577736  0.00004523141
2.579135  0.00004517543
2.579295  0.00004516903
2.579552  0.00004515872
2.584022  0.0000449798
2.584087  0.00004497719
2.586904  0.00004486446
2.590688  0.00004471302
2.592062  0.00004465803
2.593673  0.00004459352
2.593706  0.00004459223
2.597319  0.00004444764
2.598501  0.0000444003
2.600242  0.00004433062
2.603847  0.00004418634
2.605139  0.00004413464
2.605744  0.00004411042
2.607351  0.00004404611
2.60825  0.00004401012
2.608984  0.00004398076
2.60995  0.00004394207
2.612025  0.00004385903
2.612804  0.00004382785
2.61312  0.00004381522
2.613339  0.00004380644
2.615161  0.0000437335
2.617718  0.00004363118
2.617895  0.00004362408
2.618307  0.00004360759
2.61953  0.00004355865
2.621021  0.00004349897
2.622265  0.00004344918
2.628046  0.00004321779
2.628535  0.00004319824
2.629152  0.00004317353
2.629272  0.00004316872
2.63473  0.00004295028
2.636318  0.00004288673
2.639071  0.00004277653
2.639374  0.00004276443
2.640003  0.00004273923
2.640621  0.00004271451
2.640646  0.0000427135
2.64402  0.00004257846
2.644032  0.00004257798
2.645533  0.00004251791
2.645799  0.00004250728
2.646558  0.0000424769
2.648257  0.00004240889
2.650662  0.00004231264
2.65169  0.00004227147
2.651876  0.00004226403
2.652568  0.00004223634
2.654152  0.00004217295
2.655402  0.00004212289
2.655871  0.00004210411
2.660602  0.0000419152
2.660981  0.00004190011
2.661776  0.00004186842
2.663355  0.00004181238
2.666138  0.00004172935
2.66769  0.00004168305
2.669767  0.0000416211
2.67099  0.00004158461
2.671583  0.00004156694
2.673476  0.00004151045
2.675449  0.00004145161
2.679791  0.00004132207
2.680135  0.00004131182
2.683163  0.00004122149
2.683599  0.0000412085
2.684207  0.00004119036
2.685923  0.00004113917
2.687139  0.0000411029
2.688815  0.00004105289
2.690104  0.00004101445
2.690238  0.00004101046
2.693274  0.00004091987
2.693691  0.00004090744
2.694863  0.00004087249
2.69667  0.00004081856
2.700055  0.00004071761
2.701175  0.00004068419
2.701494  0.00004067469
2.704337  0.00004058987
2.705184  0.00004056461
2.706326  0.00004053054
2.707445  0.00004049717
2.709772  0.00004042773
2.710707  0.00004039986
2.713713  0.0000403102
2.716667  0.00004022206
2.717942  0.00004018403
2.718353  0.00004017178
2.722511  0.00004004774
2.723135  0.00004002911
2.724222  0.00003999672
2.727401  0.00003990184
2.729654  0.00003983467
2.730556  0.00003980776
2.731556  0.00003977794
2.732826  0.00003974004
2.734213  0.00003969867
2.741096  0.00003949335
2.741354  0.00003948564
2.742637  0.00003944736
2.742989  0.00003943688
2.743873  0.00003941052
2.745386  0.00003936539
2.748942  0.0000392593
2.749916  0.00003923024
2.750118  0.00003922421
2.750628  0.00003920901
2.752917  0.00003914073
2.758891  0.00003896251
2.762532  0.00003885391
2.764581  0.00003879279
2.765372  0.0000387692
2.767475  0.00003870645
2.76764  0.00003870153
2.768501  0.00003867584
2.768939  0.00003866277
2.77106  0.0000385995
2.771728  0.00003857959
2.772297  0.00003856263
2.773058  0.0000385399
2.773729  0.0000385199
2.773791  0.00003851805
2.77591  0.00003845484
2.780289  0.00003832419
2.78066  0.00003831314
2.781727  0.00003828132
2.785701  0.00003816277
2.786308  0.00003814465
2.787859  0.00003809838
2.790272  0.0000380264
2.791197  0.00003799881
2.791591  0.00003798706
2.79185  0.00003797932
2.792276  0.00003796662
2.794342  0.00003790498
2.7957  0.00003786449
2.796586  0.00003783806
2.79698  0.00003782629
2.798044  0.00003779458
2.798675  0.00003777574
2.800063  0.00003773432
2.802488  0.00003766201
2.802762  0.00003765384
2.804527  0.00003760117
2.806561  0.00003754051
2.807884  0.00003750103
2.810462  0.00003742414
2.811132  0.00003740415
2.812444  0.00003736501
2.814012  0.00003731825
2.815769  0.00003726582
2.816444  0.0000372457
2.817467  0.00003721519
2.817903  0.00003720218
2.821979  0.00003708058
2.825565  0.0000369736
2.826507  0.00003694551
2.82846  0.00003688726
2.829377  0.00003685992
2.832706  0.0000367606
2.83387  0.00003672586
2.83411  0.0000367187
2.834387  0.00003671044
2.83596  0.00003666353
2.83987  0.00003654689
2.842136  0.00003647928
2.84325  0.00003644606
2.844856  0.00003639815
2.845914  0.00003636661
2.848063  0.00003630251
2.848802  0.00003628047
2.849181  0.00003626916
2.850207  0.00003623856
2.854838  0.0000361004
2.857961  0.00003600723
2.85987  0.00003595029
2.861552  0.00003590012
2.862165  0.00003588182
2.863155  0.0000358523
2.865261  0.00003578946
2.872856  0.00003561414
2.872925  0.00003561281
2.873735  0.00003559713
2.87484  0.00003557576
2.875175  0.00003556928
2.875298  0.0000355669
2.875708  0.00003555895
2.876828  0.0000355373
2.879547  0.00003548469
2.880021  0.00003547552
2.880718  0.00003546205
2.883548  0.0000354073
2.88461  0.00003538675
2.886565  0.00003534895
2.886877  0.00003534291
2.887148  0.00003533767
2.889623  0.00003528978
2.891694  0.00003524971
2.893648  0.0000352119
2.899387  0.00003510088
2.901777  0.00003505466
2.903373  0.00003502379
2.904724  0.00003499766
2.910952  0.00003487716
2.916223  0.00003477518
2.921258  0.0000346778
2.922066  0.00003466216
2.923768  0.00003462923
2.929439  0.00003451953
2.931135  0.00003448672
2.933403  0.00003444284
2.93651  0.00003438275
2.936744  0.00003437822
2.936821  0.00003437672
2.93719  0.00003436958
2.939758  0.0000343199
2.941034  0.00003429522
2.941625  0.00003428378
2.946549  0.00003418853
2.948396  0.00003415281
2.950932  0.00003410374
2.951654  0.00003408977
2.95305  0.00003406278
2.953359  0.0000340568
2.953575  0.00003405261
2.953712  0.00003404997
2.95463  0.0000340322
2.95481  0.00003402872
2.955266  0.00003401991
2.957615  0.00003397446
2.961029  0.00003390843
2.962351  0.00003388285
2.962396  0.00003388198
2.962799  0.00003387418
2.965196  0.00003382781
2.968722  0.0000337596
2.97026  0.00003372984
2.972888  0.000033679
2.973838  0.00003366061
2.974197  0.00003365368
2.982346  0.00003349605
2.982893  0.00003348545
2.98902  0.00003336692
2.989798  0.00003335186
2.992624  0.00003329721
2.993981  0.00003327096
2.996418  0.00003322381
2.997635  0.00003320027
2.998752  0.00003317866
2.999673  0.00003316084
2.999973  0.00003315503
3.002138  0.00003311315
3.004186  0.00003307354
3.006117  0.0000330362
3.007104  0.00003301709
3.008204  0.00003299582
3.008677  0.00003298667
3.008704  0.00003298614
3.009652  0.0000329678
3.011096  0.00003293987
3.011121  0.00003293939
3.01163  0.00003292955
3.013589  0.00003289164
3.013797  0.00003288762
3.015591  0.00003285291
3.019931  0.00003276895
3.022001  0.00003272891
3.023713  0.00003269577
3.024306  0.00003268431
3.026114  0.00003264935
3.031032  0.0000325542
3.031277  0.00003254947
3.031531  0.00003254454
3.031961  0.00003253623
3.034705  0.00003248315
3.034875  0.00003247985
3.035195  0.00003247366
3.036144  0.00003245531
3.038027  0.00003241887
3.041183  0.00003235783
3.041822  0.00003234547
3.044601  0.00003229173
3.046582  0.00003225339
3.049966  0.00003218792
3.050715  0.00003217343
3.050893  0.00003216999
3.05427  0.00003210465
3.054812  0.00003209417
3.056781  0.00003205608
3.057865  0.00003203512
3.05827  0.00003202728
3.058689  0.00003201917
3.060746  0.00003197937
3.066364  0.00003187068
3.066408  0.00003186984
3.067426  0.00003185015
3.070542  0.00003178986
3.070932  0.00003178231
3.077442  0.00003165639
3.078636  0.00003163328
3.078895  0.00003162828
3.079526  0.00003161608
3.0825  0.00003155854
3.082622  0.00003155618
3.085497  0.00003150057
3.085528  0.00003149997
3.089109  0.00003143069
3.089654  0.00003142016
3.096007  0.00003129724
3.09607  0.00003129603
3.097373  0.00003127082
3.097877  0.00003126108
3.098349  0.00003125194
3.101819  0.00003118481
3.104902  0.00003112517
3.106736  0.00003108969
3.108494  0.00003105569
3.109219  0.00003104166
3.110527  0.00003101637
3.111378  0.0000309999
3.11222  0.0000309836
3.113516  0.00003095853
3.115851  0.00003091335
3.116138  0.00003090782
3.116273  0.0000309052
3.119703  0.00003084991
3.120449  0.00003083867
3.131632  0.00003067389
3.132019  0.00003066819
3.132316  0.00003066381
3.133796  0.000030642
3.135444  0.00003061772
3.135885  0.00003061123
3.135953  0.00003061022
3.137129  0.0000305929
3.137467  0.00003058793
3.1382  0.00003057713
3.138655  0.00003057041
3.140262  0.00003054674
3.140532  0.00003054277
3.1431  0.00003050493
3.147804  0.00003043562
3.148766  0.00003042144
3.150965  0.00003038904
3.153011  0.0000303589
3.155099  0.00003032813
3.159058  0.00003026981
3.16  0.00003025592
3.160279  0.00003025181
3.161125  0.00003023934
3.161301  0.00003023674
3.162774  0.00003021505
3.165283  0.00003017808
3.165439  0.00003017578
3.169297  0.00003011894
3.172695  0.00003006886
3.177803  0.00002999362
3.180706  0.00002995083
3.182176  0.00002992918
3.182178  0.00002992915
3.184787  0.00002989072
3.186393  0.00002986705
3.188618  0.00002983427
3.188782  0.00002983184
3.190142  0.0000298118
3.191183  0.00002979647
3.191825  0.000029787
3.19644  0.00002971901
3.197637  0.00002970137
3.199571  0.00002967288
3.199681  0.00002967126
3.201064  0.00002965088
3.204212  0.0000296045
3.208807  0.0000295368
3.208871  0.00002953586
3.21105  0.00002950376
3.212413  0.00002948367
3.21295  0.00002947577
3.213042  0.00002947441
3.213241  0.00002947147
3.215849  0.00002943305
3.217263  0.00002941222
3.217569  0.0000294077
3.220901  0.00002935861
3.226138  0.00002928145
3.226349  0.00002927834
3.228398  0.00002924814
3.228517  0.0000292464
3.230055  0.00002922373
3.233525  0.00002917261
3.235106  0.00002914932
3.235574  0.00002914243
3.236133  0.00002913419
3.238888  0.00002909359
3.2394  0.00002908605
3.239987  0.0000290774
3.241376  0.00002905693
3.241983  0.00002904798
3.243891  0.00002901988
3.247832  0.00002896181
3.247832  0.0000289618
3.24921  0.0000289415
3.251295  0.00002891078
3.253092  0.0000288843
3.253733  0.00002887487
3.254566  0.0000288626
3.256916  0.00002882796
3.257999  0.000028812
3.261075  0.00002876668
3.26183  0.00002875557
3.262166  0.00002875062
3.267803  0.00002866757
3.268011  0.0000286645
3.270443  0.00002862866
3.27353  0.00002858317
3.275476  0.00002855451
3.277323  0.00002852729
3.27939  0.00002849684
3.282753  0.00002844729
3.283393  0.00002843785
3.294072  0.00002828052
3.294144  0.00002827946
3.294275  0.00002827752
3.296409  0.00002824608
3.296901  0.00002823883
3.300832  0.0000281809
3.303462  0.00002814217
3.303823  0.00002813685
3.310924  0.00002803221
3.313408  0.00002799562
3.314034  0.00002798639
3.316279  0.00002795331
3.318835  0.00002791566
3.320498  0.00002789115
3.326087  0.0000278088
3.326702  0.00002779974
3.328499  0.00002777326
3.328566  0.00002777227
3.336158  0.00002766043
3.336455  0.00002765605
3.341904  0.00002757577
3.34435  0.00002753972
3.344642  0.00002753541
3.346276  0.00002751134
3.346844  0.00002750298
3.34708  0.00002749949
3.348315  0.00002748131
3.349862  0.00002745851
3.353521  0.00002740946
3.354633  0.00002739614
3.35581  0.00002738246
3.356334  0.00002737636
3.356453  0.00002737498
3.358661  0.00002734931
3.358782  0.0000273479
3.358865  0.00002734693
3.360628  0.00002732642
3.3635  0.00002729301
3.363574  0.00002729216
3.365256  0.00002727259
3.370985  0.00002720596
3.37202  0.00002719393
3.373195  0.00002718025
3.37433  0.00002716705
3.374684  0.00002716294
3.375696  0.00002715117
3.377976  0.00002712466
3.38087  0.000027091
3.383765  0.00002705733
3.383813  0.00002705677
3.387447  0.00002701451
3.39093  0.00002697401
3.390955  0.00002697371
3.395221  0.00002692409
3.400543  0.00002686219
3.401545  0.00002685053
3.402993  0.0000268337
3.403418  0.00002682875
3.403506  0.00002682772
3.404312  0.00002681836
3.405174  0.00002680834
3.406018  0.00002679852
3.40701  0.00002678698
3.407346  0.00002678307
3.409159  0.000026762
3.414173  0.00002670367
3.414723  0.00002669727
3.415524  0.00002668796
3.416583  0.00002667565
3.418921  0.00002664845
3.421329  0.00002662044
3.422012  0.0000266125
3.422017  0.00002661245
3.422105  0.00002661142
3.42231  0.00002660904
3.422518  0.00002660662
3.425668  0.00002656998
3.425695  0.00002656967
3.426243  0.00002656329
3.429615  0.00002652408
3.433131  0.00002648319
3.435488  0.00002645577
3.435591  0.00002645457
3.437766  0.00002642928
3.437908  0.00002642763
3.438889  0.00002641622
3.439934  0.00002640407
3.441491  0.00002638596
3.442513  0.00002637407
3.443014  0.00002636824
3.444593  0.00002634988
3.444655  0.00002634915
3.444962  0.00002634559
3.445013  0.000026345
3.446427  0.00002632856
3.447087  0.00002632088
3.449526  0.00002629252
3.449629  0.00002629131
3.450135  0.00002628543
3.450324  0.00002628323
3.450816  0.00002627751
3.451075  0.0000262745
3.451152  0.0000262736
3.45124  0.00002627257
3.451886  0.00002626506
3.45286  0.00002625373
3.453797  0.00002624284
3.45513  0.00002622733
3.455555  0.0000262224
3.456437  0.00002621214
3.456441  0.00002621209
3.457249  0.00002620269
3.457431  0.00002620057
3.458707  0.00002618573
3.459352  0.00002617823
3.460148  0.00002616897
3.463439  0.00002613069
3.463641  0.00002612834
3.463642  0.00002612833
3.465136  0.00002611095
3.470291  0.000026051
3.470853  0.00002604446
3.471811  0.00002603332
3.474606  0.00002600081
3.474923  0.00002599713
3.475266  0.00002599314
3.477563  0.00002596643
3.47806  0.00002596065
3.478117  0.00002595999
3.483238  0.00002590044
3.483273  0.00002590003
3.487781  0.00002584759
3.488114  0.00002584372
3.491146  0.00002580846
3.491884  0.00002579987
3.492716  0.0000257902
3.49513  0.00002576212
3.49514  0.00002576201
3.495464  0.00002575824
3.495884  0.00002575336
3.499908  0.00002570655
3.501362  0.00002568965
3.502119  0.00002568083
3.504043  0.00002565846
3.504599  0.000025652
3.50486  0.00002564897
3.508258  0.00002560944
3.508616  0.00002560528
3.510073  0.00002558833
3.510097  0.00002558806
3.512159  0.00002556407
3.516338  0.00002551548
3.522694  0.00002544154
3.524443  0.00002542121
3.524737  0.00002541778
3.525744  0.00002540608
3.526018  0.00002540289
3.527121  0.00002539006
3.530684  0.00002534862
3.531828  0.00002533532
3.531956  0.00002533382
3.535177  0.00002529637
3.537122  0.00002527375
3.537426  0.00002527021
3.538019  0.00002526331
3.539139  0.00002525029
3.539657  0.00002524426
3.54061  0.00002523318
3.542511  0.00002521108
3.543571  0.00002519875
3.548224  0.00002514463
3.548654  0.00002513963
3.549903  0.0000251251
3.551896  0.00002510192
3.553369  0.00002508478
3.555695  0.00002505773
3.556917  0.00002504352
3.55971  0.00002501104
3.563107  0.00002497153
3.563582  0.000024966
3.56406  0.00002496045
3.564313  0.00002495751
3.564364  0.00002495691
3.564965  0.00002494993
3.567642  0.0000249188
3.571209  0.00002487731
3.571275  0.00002487654
3.572296  0.00002486466
3.5745  0.00002483904
3.574559  0.00002483835
3.575591  0.00002482635
3.575668  0.00002482545
3.575935  0.00002482235
3.576315  0.00002481793
3.57824  0.00002479553
3.57853  0.00002479216
3.587199  0.00002469133
3.587749  0.00002468494
3.592124  0.00002463407
3.594951  0.00002460118
3.599255  0.00002455111
3.599516  0.00002454808
3.599727  0.00002454563
3.602708  0.00002451097
3.60401  0.00002449583
3.60542  0.00002447943
3.605926  0.00002447354
3.606421  0.00002446779
3.606865  0.00002446262
3.608858  0.00002443945
3.610082  0.0000244252
3.61147  0.00002440906
3.614259  0.00002437662
3.617789  0.00002434284
3.619084  0.00002433348
3.621215  0.00002431808
3.621915  0.00002431302
3.622804  0.0000243066
3.624859  0.00002429174
3.626391  0.00002428067
3.63055  0.00002425062
3.631496  0.00002424378
3.632853  0.00002423398
3.633969  0.00002422591
3.633993  0.00002422574
3.634265  0.00002422377
3.634854  0.00002421951
3.638849  0.00002419063
3.639267  0.00002418762
3.639634  0.00002418496
3.641834  0.00002416906
3.642674  0.00002416299
3.644085  0.0000241528
3.64549  0.00002414264
3.649997  0.00002411008
3.650914  0.00002410345
3.651226  0.00002410119
3.651383  0.00002410006
3.656466  0.00002406332
3.657513  0.00002405575
3.658575  0.00002404808
3.659386  0.00002404222
3.659466  0.00002404164
3.659893  0.00002403855
3.662096  0.00002402263
3.662279  0.00002402131
3.663193  0.0000240147
3.663404  0.00002401318
3.665819  0.00002399572
3.666911  0.00002398784
3.667255  0.00002398535
3.667518  0.00002398344
3.669295  0.0000239706
3.670637  0.0000239609
3.670915  0.00002395889
3.673807  0.00002393799
3.677263  0.00002391301
3.677452  0.00002391164
3.679682  0.00002389553
3.680889  0.00002388681
3.68533  0.00002385471
3.68733  0.00002384026
3.688562  0.00002383135
3.689085  0.00002382757
3.693258  0.00002379742
3.693938  0.0000237925
3.696074  0.00002377707
3.69631  0.00002377536
3.704924  0.0000237131
3.70601  0.00002370525
3.708582  0.00002368666
3.708639  0.00002368625
3.708793  0.00002368514
3.710727  0.00002367117
3.710739  0.00002367108
3.711508  0.00002366552
3.714076  0.00002364696
3.718445  0.00002361538
3.718455  0.00002361531
3.719212  0.00002360984
3.722454  0.00002358641
3.722554  0.00002358569
3.723043  0.00002358216
3.723206  0.00002358098
3.723727  0.00002357721
3.725134  0.00002356704
3.739724  0.0000234616
3.740216  0.00002345804
3.74096  0.00002345267
3.743372  0.00002343523
3.746608  0.00002341185
3.747051  0.00002340865
3.747097  0.00002340831
3.747286  0.00002340695
3.748247  0.0000234
3.749054  0.00002339417
3.750052  0.00002338695
3.750286  0.00002338527
3.755963  0.00002334423
3.75976  0.00002331679
3.763081  0.0000232928
3.765324  0.00002327659
3.765852  0.00002327277
3.770114  0.00002324197
3.771137  0.00002323457
3.773603  0.00002321675
3.775508  0.00002320299
3.775742  0.0000232013
3.775911  0.00002320007
3.776127  0.00002319852
3.776672  0.00002319458
3.77713  0.00002319126
3.7783  0.0000231828
3.778376  0.00002318226
3.784276  0.00002313962
3.791603  0.00002308666
3.793327  0.00002307421
3.794094  0.00002306865
3.7946  0.000023065
3.798488  0.0000230369
3.798603  0.00002303607
3.798824  0.00002303447
3.801892  0.00002301231
3.804368  0.00002299441
3.80708  0.0000229748
3.807192  0.000022974
3.808708  0.00002296304
3.809471  0.00002295753
3.809676  0.00002295605
3.810686  0.00002294875
3.810782  0.00002294805
3.811102  0.00002294574
3.812449  0.00002293601
3.815147  0.00002291651
3.816146  0.00002290929
3.81841  0.00002289292
3.818848  0.00002288975
3.819033  0.00002288842
3.824564  0.00002284845
3.826109  0.00002283728
3.829762  0.0000228105
3.832347  0.00002279018
3.836838  0.00002274913
3.838119  0.00002273742
3.839486  0.00002272492
3.840515  0.00002271552
3.842336  0.00002269887
3.84281  0.00002269454
3.844168  0.00002268212
3.847414  0.00002265245
3.848768  0.00002264007
3.850918  0.00002262041
3.851187  0.00002261796
3.853956  0.00002259264
3.858697  0.0000225493
3.859477  0.00002254217
3.861085  0.00002252747
3.862327  0.00002251612
3.862373  0.0000225157
3.865182  0.00002249002
3.865535  0.00002248679
3.865573  0.00002248645
3.866105  0.00002248158
3.867637  0.00002246758
3.868463  0.00002246003
3.868507  0.00002245962
3.8714  0.00002243318
3.872939  0.00002241911
3.874845  0.00002240168
3.874872  0.00002240143
3.879016  0.00002236356
3.879714  0.00002235717
3.879856  0.00002235587
3.882049  0.00002233582
3.882411  0.00002233251
3.883865  0.00002231923
3.884206  0.00002231611
3.885297  0.00002230613
3.889886  0.00002226418
3.891188  0.00002225228
3.892061  0.0000222443
3.893303  0.00002223294
3.894132  0.00002222537
3.894893  0.00002221841
3.895169  0.00002221589
3.895761  0.00002221047
3.898634  0.00002218422
3.89941  0.00002217711
3.903195  0.00002214251
3.903366  0.00002214095
3.908137  0.00002209734
3.908548  0.00002209358
3.909041  0.00002208907
3.910356  0.00002207705
3.911363  0.00002206785
3.911799  0.00002206386
3.912937  0.00002205345
3.919498  0.00002199348
3.921341  0.00002197663
3.922202  0.00002196875
3.923514  0.00002195676
3.924429  0.0000219484
3.927123  0.00002192377
3.927636  0.00002191909
3.927983  0.00002191591
3.930801  0.00002189015
3.935535  0.00002184687
3.936036  0.00002184229
3.937978  0.00002182454
3.945241  0.00002175815
3.947387  0.00002173853
3.948228  0.00002173083
3.951784  0.00002169832
3.957222  0.00002164861
3.964023  0.00002158645
3.965725  0.00002157089
3.973399  0.00002150073
3.973957  0.00002149563
3.984684  0.00002139757
3.990335  0.00002134591
3.992342  0.00002132756
3.99438  0.00002130894
3.995719  0.00002129669
3.999001  0.00002126668
4.002836  0.00002123162
4.002997  0.00002123015
4.003321  0.00002122719
4.003838  0.00002122246
4.004237  0.00002121881
4.004308  0.00002121816
4.012115  0.00002114679
4.012343  0.00002114471
4.013449  0.0000211346
4.014993  0.00002112048
4.017692  0.00002109581
4.017982  0.00002109316
4.018486  0.00002108856
4.020393  0.00002107111
4.022393  0.00002105284
4.023149  0.00002104593
4.024172  0.00002103659
4.024512  0.00002103347
4.030173  0.00002098172
4.030927  0.00002097482
4.031217  0.00002097217
4.03306  0.00002095532
4.035002  0.00002093757
4.036685  0.00002092219
4.036696  0.00002092208
4.037128  0.00002091813
4.037138  0.00002091804
4.039537  0.00002089611
4.040114  0.00002089085
4.041973  0.00002087384
4.043434  0.00002086049
4.044861  0.00002084744
4.046907  0.00002082874
4.048817  0.00002081128
4.052583  0.00002078383
4.053031  0.00002078225
4.058379  0.00002076348
4.058637  0.00002076258
4.060884  0.00002075469
4.061404  0.00002075286
4.061679  0.0000207519
4.062956  0.00002074741
4.0674  0.00002073181
4.067966  0.00002072982
4.068942  0.00002072639
4.070592  0.0000207206
4.070835  0.00002071975
4.071036  0.00002071905
4.07137  0.00002071787
4.071401  0.00002071776
4.079178  0.00002069046
4.079963  0.00002068771
4.08003  0.00002068747
4.081313  0.00002068296
4.085677  0.00002066765
4.086366  0.00002066523
4.09072  0.00002064994
4.091742  0.00002064636
4.095802  0.0000206321
4.097637  0.00002062565
4.100039  0.00002061722
4.100504  0.00002061559
4.101888  0.00002061074
4.103487  0.00002060512
4.103592  0.00002060475
4.105053  0.00002059962
4.106379  0.00002059497
4.106933  0.00002059302
4.107939  0.00002058949
4.108748  0.00002058665
4.11019  0.00002058159
4.11033  0.0000205811
4.112343  0.00002057403
4.113212  0.00002057098
4.113474  0.00002057006
4.115631  0.00002056249
4.116741  0.0000205586
4.118494  0.00002055244
4.120814  0.00002054429
4.122319  0.000020539
4.122358  0.00002053887
4.122389  0.00002053876
4.123187  0.00002053596
4.124305  0.00002053203
4.125768  0.00002052691
4.126457  0.00002052449
4.126609  0.00002052395
4.127363  0.0000205213
4.130449  0.00002051047
4.130525  0.0000205102
4.134805  0.00002049518
4.136034  0.00002049087
4.136102  0.00002049063
4.136472  0.00002048933
4.136596  0.00002048889
4.138441  0.00002048241
4.140865  0.0000204739
4.141206  0.0000204727
4.141303  0.00002047236
4.143792  0.00002046362
4.144775  0.00002046018
4.145595  0.0000204573
4.146527  0.00002045403
4.147006  0.00002045234
4.147283  0.00002045137
4.148893  0.00002044572
4.14979  0.00002044257
4.152529  0.00002043295
4.156037  0.00002042064
4.15943  0.00002040873
4.159584  0.00002040818
4.159596  0.00002040814
4.159786  0.00002040748
4.160534  0.00002040485
4.161139  0.00002040272
4.16401  0.00002039265
4.165598  0.00002038707
4.166859  0.00002038265
4.167003  0.00002038214
4.17175  0.00002036547
4.172601  0.00002036249
4.173129  0.00002036064
4.174861  0.00002035455
4.176341  0.00002034936
4.176378  0.00002034923
4.176839  0.00002034761
4.179313  0.00002033893
4.179754  0.00002033738
4.185006  0.00002031894
4.185769  0.00002031626
4.186012  0.0000203154
4.186617  0.00002031328
4.187838  0.000020309
4.188108  0.00002030805
4.190483  0.00002029971
4.192171  0.00002029378
4.193583  0.00002028883
4.197694  0.00002027439
4.20124  0.00002026194
4.201389  0.00002026142
4.201743  0.00002026018
4.204633  0.00002025003
4.20778  0.00002023899
4.21041  0.00002022975
4.211415  0.00002022623
4.211657  0.00002022538
4.212856  0.00002022117
4.213933  0.00002021739
4.214123  0.00002021672
4.218042  0.00002020296
4.218567  0.00002020112
4.223458  0.00002018395
4.224856  0.00002017904
4.225468  0.0000201769
4.239548  0.00002012746
4.240993  0.00002012239
4.241786  0.0000201196
4.24325  0.00002011446
4.24443  0.00002011032
4.245344  0.00002010711
4.246954  0.00002010146
4.247308  0.00002010022
4.250796  0.00002008797
4.253287  0.00002007923
4.257526  0.00002006434
4.257987  0.00002006273
4.258719  0.00002006016
4.264488  0.00002003991
4.266861  0.00002003158
4.26714  0.0000200306
4.26873  0.00002002502
4.268836  0.00002002465
4.268935  0.0000200243
4.271424  0.00002001556
4.274146  0.000020006
4.274374  0.0000200052
4.280607  0.00001998376
4.282016  0.00001997902
4.283279  0.00001997543
4.283605  0.00001997451
4.285624  0.00001996887
4.287346  0.00001996404
4.288446  0.00001996096
4.295136  0.00001994222
4.295877  0.00001994015
4.300198  0.00001992804
4.303518  0.00001991875
4.303896  0.00001991769
4.305745  0.00001991251
4.307279  0.00001990821
4.311025  0.00001989772
4.311323  0.00001989689
4.312174  0.0000198945
4.31232  0.00001989409
4.313834  0.00001988986
4.314126  0.00001988904
4.314334  0.00001988846
4.316505  0.00001988238
4.316939  0.00001988116
4.317976  0.00001987825
4.321458  0.0000198685
4.322075  0.00001986678
4.322191  0.00001986645
4.325172  0.00001985811
4.327963  0.00001985028
4.329614  0.00001984566
4.330892  0.00001984208
4.334676  0.00001983148
4.335618  0.00001982885
4.337176  0.00001982448
4.337971  0.00001982226
4.342234  0.00001981032
4.34377  0.00001980601
4.344977  0.00001980263
4.345341  0.00001980161
4.345585  0.00001980093
4.346041  0.00001979965
4.349114  0.00001979105
4.349501  0.00001978997
4.351835  0.00001978343
4.35346  0.00001977888
4.35629  0.00001977095
4.357519  0.00001976751
4.358779  0.00001976398
4.358898  0.00001976365
4.359761  0.00001976123
4.360455  0.00001975929
4.365758  0.00001974443
4.368946  0.0000197355
4.369127  0.00001973499
4.371154  0.00001972932
4.371404  0.00001972861
4.373641  0.00001972235
4.374226  0.00001972072
4.37428  0.00001972056
4.374957  0.00001971867
4.375131  0.00001971818
4.376796  0.00001971351
4.381419  0.00001970057
4.381574  0.00001970013
4.382574  0.00001969733
4.383519  0.00001969469
4.384911  0.00001969079
4.385007  0.00001969052
4.385896  0.00001968803
4.386098  0.00001968746
4.395165  0.00001966207
4.396662  0.00001965788
4.39879  0.00001965192
4.399501  0.00001964993
4.402471  0.00001964161
4.403218  0.00001963952
4.407608  0.00001962723
4.409018  0.00001962328
4.420788  0.00001959031
4.421023  0.00001958965
4.432209  0.00001955832
4.432428  0.00001955771
4.437705  0.00001954294
4.439809  0.00001953704
4.442913  0.00001952834
4.443181  0.00001952759
4.445402  0.00001952137
4.445523  0.00001952104
4.44763  0.00001951513
4.448029  0.00001951402
4.451979  0.00001950296
4.453655  0.00001949826
4.456162  0.00001949124
4.456312  0.00001949082
4.458787  0.00001948388
4.459017  0.00001948324
4.462226  0.00001947425
4.462575  0.00001947327
4.462808  0.00001947262
4.473662  0.00001946091
4.47691  0.00001946091
4.477151  0.00001946091
4.478098  0.00001946091
4.478783  0.00001946091
4.480503  0.00001946091
4.480834  0.00001946091
4.481657  0.00001946091
4.486579  0.00001946091
4.491256  0.00001946091
4.493827  0.00001946091
4.495583  0.00001946091
4.499299  0.00001946091
4.500574  0.00001946091
4.501648  0.00001946091
4.501962  0.00001946091
4.50399  0.00001946091
4.505552  0.00001946091
4.505945  0.00001946091
4.512155  0.00001946091
4.512438  0.00001946091
4.515273  0.00001946091
4.516865  0.00001946091
4.517946  0.00001946091
4.518305  0.00001946091
4.518875  0.00001946091
4.519077  0.00001946091
4.519115  0.00001946091
4.519551  0.00001946091
4.520479  0.00001946091
4.521583  0.00001946091
4.523929  0.00001946091
4.524953  0.00001946091
4.52667  0.00001946091
4.527748  0.00001946091
4.528896  0.00001946091
4.529078  0.00001946091
4.530991  0.00001946091
4.531944  0.00001946091
4.532861  0.00001946091
4.535198  0.00001946091
4.536177  0.00001946091
4.542106  0.00001946091
4.542656  0.00001946091
4.544166  0.00001946091
4.545078  0.00001946091
4.546084  0.00001946091
4.547971  0.00001946091
4.551036  0.00001946091
4.553092  0.00001946091
4.55762  0.00001946091
4.560049  0.00001946091
4.561484  0.00001946091
4.562279  0.00001946091
4.56283  0.00001946091
4.563175  0.00001946091
4.56544  0.00001946091
4.565762  0.00001946091
4.566338  0.00001946091
4.574994  0.00001946091
4.581177  0.00001946091
4.581203  0.00001946091
4.582508  0.00001946091
4.584859  0.00001946091
4.586304  0.00001946091
4.587914  0.00001946091
4.588201  0.00001946091
4.589051  0.00001946091
4.590903  0.00001946091
4.591795  0.00001946091
4.592546  0.00001946091
4.592668  0.00001946091
4.595676  0.00001946091
4.597544  0.00001946091
4.59815  0.00001946091
4.60167  0.00001946091
4.602702  0.00001946091
4.602821  0.00001946091
4.60283  0.00001946091
4.605305  0.00001946091
4.605428  0.00001946091
4.608569  0.00001946091
4.608955  0.00001946091
4.60984  0.00001946091
4.612343  0.00001946091
4.615161  0.00001946091
4.617014  0.00001946091
4.620734  0.00001946091
4.624699  0.00001946091
4.628561  0.00001946091
4.628796  0.00001946091
4.628871  0.00001946091
4.631629  0.00001946091
4.633528  0.00001946091
4.633729  0.00001946091
4.635224  0.00001946091
4.635481  0.00001946091
4.636044  0.00001946091
4.63912  0.00001946091
4.645393  0.00001946091
4.64791  0.00001946091
4.647952  0.00001946091
4.649113  0.00001946091
4.650213  0.00001946091
4.651014  0.00001946091
4.654639  0.00001946091
4.65802  0.00001946091
4.658292  0.00001946091
4.65837  0.00001946091
4.661243  0.00001946091
4.662528  0.00001946091
4.663738  0.00001946091
4.66494  0.00001946091
4.665435  0.00001946091
4.665482  0.00001946091
4.66556  0.00001946091
4.665598  0.00001946091
4.66639  0.00001946091
4.668521  0.00001946091
4.671395  0.00001946091
4.672356  0.00001946091
4.672885  0.00001946091
4.681345  0.00001946091
4.681645  0.00001946091
4.684174  0.00001946091
4.685049  0.00001946091
4.686885  0.00001946091
4.687521  0.00001946091
4.688686  0.00001946091
4.691874  0.00001946091
4.692088  0.00001946091
4.697731  0.00001946091
4.698379  0.00001946091
4.698491  0.00001946091
4.6996  0.00001946091
4.700284  0.00001946091
4.703466  0.00001946091
4.70398  0.00001946091
4.704605  0.00001946091
4.70575  0.00001946091
4.711461  0.00001946091
4.711811  0.00001946091
4.718102  0.00001946091
4.719362  0.00001946091
4.720285  0.00001946091
4.721131  0.00001946091
4.721674  0.00001946091
4.721876  0.00001946091
4.725155  0.00001946091
4.73016  0.00001946091
4.73082  0.00001946091
4.734506  0.00001946091
4.738365  0.00001946091
4.740571  0.00001946091
4.741007  0.00001946091
4.742207  0.00001946091
4.743807  0.00001946091
4.745905  0.00001946091
4.750932  0.00001946091
4.751533  0.00001946091
4.751587  0.00001946091
4.752317  0.00001946091
4.754583  0.00001946091
4.754591  0.00001946091
4.75604  0.00001946091
4.763427  0.00001946091
4.766936  0.00001946091
4.768621  0.00001946091
4.769376  0.00001946091
4.771678  0.00001946091
4.772551  0.00001946091
4.772911  0.00001946091
4.773746  0.00001946091
4.774105  0.00001946091
4.774448  0.00001946091
4.775326  0.00001946091
4.777164  0.00001946091
4.777233  0.00001946091
4.779883  0.00001946091
4.784338  0.00001946091
4.784788  0.00001946091
4.785011  0.00001946091
4.785502  0.00001946091
4.788157  0.00001946091
4.789509  0.00001946091
4.79106  0.00001946091
4.792311  0.00001946091
4.796256  0.00001946091
4.801713  0.00001946091
4.805615  0.00001946091
4.810199  0.00001946091
4.811249  0.00001946091
4.821945  0.00001946091
4.822049  0.00001946091
4.823531  0.00001946091
4.823665  0.00001946091
4.825208  0.00001946091
4.825872  0.00001946091
4.826033  0.00001946091
4.826735  0.00001946091
4.826776  0.00001946091
4.829546  0.00001946091
4.830508  0.00001946091
4.832881  0.00001946091
4.837461  0.00001946091
4.839822  0.00001946091
4.842489  0.00001946091
4.845643  0.00001946091
4.848241  0.00001946091
4.851827  0.00001946091
4.853867  0.00001946091
4.856659  0.00001946091
4.858646  0.00001946091
4.859075  0.00001946091
4.859254  0.00001946091
4.859524  0.00001946091
4.8626  0.00001946091
4.863616  0.00001946091
4.864969  0.00001946091
4.865163  0.00001946091
4.865902  0.00001946091
4.86945  0.00001946091
4.872692  0.00001946091
4.874258  0.00001946091
4.876281  0.00001946091
4.878382  0.00001946091
4.87977  0.00001946091
4.883526  0.00001946091
4.888475  0.00001946091
4.888617  0.00001946091
4.889077  0.00001946091
4.896699  0.00001946091
4.901591  0.00001946091
4.902885  0.00001946091
4.904175  0.00001946091
4.905585  0.00001946091
4.909108  0.00001946091
4.910825  0.00001946091
4.911193  0.00001946091
4.911464  0.00001946091
4.914531  0.00001946091
4.917664  0.00001946091
4.917682  0.00001946091
4.917849  0.00001946091
4.925104  0.00001946091
4.926122  0.00001946091
4.928545  0.00001945594
4.929285  0.00001945403
4.930927  0.00001944975
4.931741  0.00001944763
4.936526  0.00001943514
4.937523  0.00001943254
4.939203  0.00001942816
4.939891  0.00001942637
4.940784  0.00001942404
4.941045  0.00001942336
4.942518  0.00001941952
4.942567  0.00001941939
4.94333  0.0000194174
4.943666  0.00001941652
4.945916  0.00001941066
4.949202  0.00001940208
4.949372  0.00001940163
4.950331  0.00001939913
4.955173  0.0000193865
4.957114  0.00001938144
4.958925  0.00001937672
4.960393  0.00001937289
4.960491  0.00001937263
4.966195  0.00001935775
4.967352  0.00001935474
4.969949  0.00001934796
4.974856  0.00001933516
4.976637  0.00001933052
4.978302  0.00001932617
4.9844  0.00001931026
4.986614  0.00001930449
4.987818  0.00001930135
4.991136  0.00001929269
4.992142  0.00001929007
4.99232  0.00001928961
4.994513  0.00001928389
4.995182  0.00001928215
4.996185  0.00001927953
4.999762  0.0000192702
5.000729  0.00001926768
5.000744  0.00001926764
5.002581  0.00001926284
5.003856  0.00001925952
5.006285  0.00001925318
5.006825  0.00001925178
5.007554  0.00001924987
5.008557  0.00001924726
5.009001  0.0000192461
5.010008  0.00001924347
5.010389  0.00001924248
5.010709  0.00001924164
5.012998  0.00001923567
5.014197  0.00001923254
5.016088  0.00001922761
5.01751  0.0000192239
5.019931  0.00001921758
5.022082  0.00001921198
5.024121  0.00001920666
5.026046  0.00001920164
5.026936  0.00001919932
5.02758  0.00001919764
5.0317  0.00001918689
5.032286  0.00001918536
5.038143  0.00001917009
5.038146  0.00001917008
5.042426  0.00001915892
5.044022  0.00001915476
5.047802  0.0000191449
5.052702  0.00001913212
5.056062  0.00001912335
5.063717  0.00001910339
5.06688  0.00001909514
5.06831  0.00001909141
5.071104  0.00001908412
5.071603  0.00001908282
5.071878  0.0000190821
5.073011  0.00001907915
5.076025  0.00001907129
5.076508  0.00001907003
5.079585  0.000019062
5.08561  0.00001904629
5.088486  0.00001903879
5.090932  0.00001903241
5.094355  0.00001902348
5.095911  0.00001901943
5.096792  0.00001901713
5.098942  0.00001901152
5.101532  0.00001900476
5.10175  0.0000190042
5.101894  0.00001900382
5.104732  0.00001899642
5.105846  0.00001899351
5.107088  0.00001899027
5.108585  0.00001898637
5.111261  0.00001897939
5.118715  0.00001895995
5.119763  0.00001895722
5.122206  0.00001895085
5.122788  0.00001894933
5.123877  0.00001894649
5.125664  0.00001894183
5.126662  0.00001893922
5.127203  0.00001893781
5.13381  0.00001892058
5.13908  0.00001890684
5.139273  0.00001890633
5.139649  0.00001890535
5.142266  0.00001889853
5.145245  0.00001889076
5.150352  0.00001887744
5.152223  0.00001887256
5.152259  0.00001887247
5.152458  0.00001887195
5.153526  0.00001886916
5.153758  0.00001886856
5.153844  0.00001886833
5.154744  0.00001886599
5.155281  0.00001886458
5.15582  0.00001886318
5.157121  0.00001885979
5.159547  0.00001885346
5.160755  0.00001885031
5.160967  0.00001884976
5.161313  0.00001884885
5.161881  0.00001884737
5.163141  0.00001884409
5.164925  0.00001883943
5.165476  0.000018838
5.1661  0.00001883637
5.168496  0.00001883012
5.168557  0.00001882996
5.169114  0.00001882851
5.171192  0.00001882309
5.172027  0.00001882091
5.173661  0.00001881665
5.17589  0.00001881084
5.186515  0.00001878312
5.188188  0.00001877876
5.190465  0.00001877282
5.194046  0.00001876348
5.195332  0.00001876013
5.197749  0.00001875383
5.199591  0.00001874902
5.203257  0.00001873946
5.205871  0.00001873264
5.20607  0.00001873212
5.206477  0.00001873106
5.212194  0.00001871615
5.212822  0.00001871452
5.214874  0.00001870916
5.215044  0.00001870872
5.215373  0.00001870786
5.217251  0.00001870296
5.218773  0.00001869899
5.219027  0.00001869833
5.220155  0.00001869539
5.22024  0.00001869517
5.221187  0.0000186927
5.222363  0.00001868963
5.225817  0.00001868062
5.226361  0.0000186792
5.228907  0.00001867256
5.235279  0.00001865594
5.23614  0.0000186537
5.236904  0.00001865171
5.237256  0.00001865079
5.237914  0.00001864907
5.239131  0.0000186459
5.240423  0.00001864253
5.243529  0.00001863443
5.2449  0.00001863085
5.245404  0.00001862954
5.246737  0.00001862606
5.247342  0.00001862448
5.249267  0.00001861946
5.253523  0.00001860836
5.255748  0.00001860256
5.256324  0.00001860106
5.257303  0.0000185985
5.258331  0.00001859582
5.258653  0.00001859499
5.264211  0.00001858049
5.264441  0.00001857989
5.268197  0.00001857009
5.268835  0.00001856843
5.270138  0.00001856503
5.271176  0.00001856232
5.274871  0.00001855269
5.277401  0.00001854609
5.279181  0.00001854144
5.280255  0.00001853865
5.280324  0.00001853846
5.280735  0.00001853739
5.281737  0.00001853478
5.286998  0.00001852106
5.287272  0.00001852034
5.28811  0.00001851816
5.292166  0.00001850758
5.293198  0.00001850489
5.294953  0.00001850031
5.296565  0.00001849611
5.298401  0.00001849132
5.299715  0.00001848789
5.300686  0.00001848536
5.302826  0.00001847978
5.303458  0.00001847813
5.304193  0.00001847621
5.308157  0.00001846588
5.308986  0.00001846371
5.310804  0.00001845897
5.313293  0.00001845248
5.313499  0.00001845194
5.313903  0.00001845089
5.314124  0.00001845031
5.315027  0.00001844796
5.316591  0.00001844388
5.316971  0.00001844289
5.317621  0.00001844119
5.319956  0.0000184351
5.320789  0.00001843293
5.322027  0.0000184297
5.324592  0.00001842301
5.325148  0.00001842156
5.330729  0.000018407
5.334339  0.00001839759
5.336648  0.00001839157
5.337207  0.00001839011
5.337672  0.0000183889
5.337829  0.00001838849
5.338988  0.00001838547
5.339492  0.00001838415
5.342753  0.00001837565
5.34421  0.00001837185
5.34632  0.00001836634
5.350595  0.00001835519
5.353132  0.00001834858
5.354542  0.0000183449
5.354924  0.0000183439
5.355178  0.00001834324
5.355902  0.00001834135
5.358106  0.0000183356
5.358977  0.00001833333
5.360783  0.00001832862
5.361032  0.00001832797
5.361337  0.00001832718
5.363436  0.0000183217
5.364436  0.00001831909
5.366944  0.00001831256
5.36907  0.00001830701
5.371434  0.00001830085
5.377002  0.00001828632
5.377326  0.00001828548
5.377338  0.00001828545
5.380174  0.00001827805
5.381609  0.00001827431
5.381694  0.00001827409
5.382504  0.00001827197
5.384405  0.00001826702
5.390833  0.00001825025
5.395214  0.00001823882
5.396352  0.00001823586
5.396444  0.00001823562
5.398527  0.00001823018