0.904 1.e9
0.9054 1.e9
0.909 1.e9
0.9112 1.e9
0.9132 1.e9
0.9174 1.e9
0.9185 1.e9
0.9196 1.e9
0.92 1.e9
0.9242 1.e9
0.9245 1.e9
0.9272 1.e9
0.9352 1.e9
0.9394 1.e9
0.9409 1.e9
0.9451 1.e9
0.9487 1.e9
0.9498 1.e9
0.9564 1.e9
0.9565 1.e9
0.9615 1.e9
0.9623 1.e9
0.9626 1.e9
0.9643 1.e9
0.9655 1.e9
0.9674 1.e9
0.9676 1.e9
0.971 1.e9
0.9729 1.e9
0.9731 1.e9
0.9786 1.e9
0.9795 1.e9
0.9815 1.e9
0.9847 1.e9
0.9854 1.e9
0.9877 1.e9
0.9877 1.e9
0.9889 1.e9
0.9926 1.e9
0.9937 1.e9
0.9948 1.e9
0.9953 1.e9
0.9963 1.e9
0.9997 1.e9
1.002 1.e9
1.007 1.e9
1.011 1.e9
1.013 1.e9
1.014 1.e9
1.018 1.e9
1.025 1.e9
1.028 1.e9
1.029 1.e9
1.031 1.e9
1.033 1.e9
1.035 1.e9
1.035 1.e9
1.048 1.e9
1.049 1.e9
1.055 1.e9
1.061 1.e9
1.063 1.e9
1.064 1.e9
1.064 1.e9
1.065 1.e9
1.067 1.e9
1.068 1.e9
1.073 1.e9
1.073 1.e9
1.076 1.e9
1.08 1.e9
1.082 1.e9
1.086 1.e9
1.087 1.e9
1.087 1.e9
1.09 1.e9
1.09 1.e9
1.093 1.e9
1.102 1.e9
1.104 1.e9
1.106 1.e9
1.107 1.e9
1.107 1.e9
1.108 1.e9
1.109 1.e9
1.109 1.e9
1.111 1.e9
1.113 1.e9
1.114 1.e9
1.117 1.e9
1.119 1.e9
1.121 1.e9
1.122 1.e9
1.125 1.e9
1.125 1.e9
1.127 1.e9
1.132 1.e9
1.134 1.e9
1.137 1.e9
1.138 1.e9
1.141 1.e9
1.144 1.e9
1.145 1.e9
1.146 1.e9
1.147 1.e9
1.147 1.e9
1.149 1.e9
1.151 1.e9
1.152 1.e9
1.152 1.e9
1.156 1.e9
1.156 1.e9
1.158 1.e9
1.159 1.e9
1.16 1.e9
1.16 1.e9
1.162 1.e9
1.165 1.e9
1.174 1.e9
1.176 1.e9
1.177 1.e9
1.177 1.e9
1.178 1.e9
1.178 1.e9
1.181 1.e9
1.185 1.e9
1.187 1.e9
1.187 1.e9
1.187 1.e9
1.189 1.e9
1.191 1.e9
1.193 1.e9
1.194 1.e9
1.198 1.e9
1.202 1.e9
1.204 1.e9
1.206 1.e9
1.208 1.e9
1.208 1.e9
1.209 1.e9
1.211 1.e9
1.214 1.e9
1.215 1.e9
1.218 1.e9
1.219 1.e9
1.219 1.e9
1.223 1.e9
1.223 1.e9
1.228 1.e9
1.229 1.e9
1.231 1.e9
1.232 1.e9
1.233 1.e9
1.233 1.e9
1.236 1.e9
1.237 1.e9
1.238 1.e9
1.239 1.e9
1.24 1.e9
1.243 1.e9
1.245 1.e9
1.252 1.e9
1.254 1.e9
1.256 1.e9
1.256 1.e9
1.26 1.e9
1.264 1.e9
1.271 1.e9
1.271 1.e9
1.272 1.e9
1.273 1.e9
1.274 1.e9
1.274 1.e9
1.275 1.e9
1.278 1.e9
1.282 1.e9
1.282 1.e9
1.283 1.e9
1.285 1.e9
1.286 1.e9
1.286 1.e9
1.286 1.e9
1.287 1.e9
1.288 1.e9
1.292 1.e9
1.293 1.e9
1.295 1.e9
1.298 1.e9
1.299 1.e9
1.301 1.e9
1.304 1.e9
1.304 1.e9
1.305 1.e9
1.306 1.e9
1.309 1.e9
1.314 1.e9
1.315 1.e9
1.315 1.e9
1.317 1.e9
1.318 1.e9
1.32 1.e9
1.32 1.e9
1.323 1.e9
1.327 1.e9
1.33 1.e9
1.332 1.e9
1.335 1.e9
1.336 1.e9
1.338 1.e9
1.34 1.e9
1.344 1.e9
1.345 1.e9
1.346 1.e9
1.348 1.e9
1.349 1.e9
1.35 1.e9
1.351 1.e9
1.353 1.e9
1.354 1.e9
1.358 1.e9
1.358 1.e9
1.359 1.e9
1.36 1.e9
1.363 1.e9
1.364 1.e9
1.366 1.e9
1.368 1.e9
1.369 1.e9
1.369 1.e9
1.372 1.e9
1.373 1.e9
1.374 1.e9
1.376 1.e9
1.38 1.e9
1.38 1.e9
1.382 1.e9
1.383 1.e9
1.383 1.e9
1.385 1.e9
1.39 1.e9
1.391 1.e9
1.395 1.e9
1.4 1.e9
1.401 1.e9
1.403 1.e9
1.406 1.e9
1.409 1.e9
1.41 1.e9
1.414 1.e9
1.416 1.e9
1.417 1.e9
1.421 1.e9
1.429 1.e9
1.429 1.e9
1.431 1.e9
1.432 1.e9
1.432 1.e9
1.432 1.e9
1.434 1.e9
1.44 1.e9
1.442 1.e9
1.444 1.e9
1.445 1.e9
1.447 1.e9
1.447 1.e9
1.448 1.e9
1.448 1.e9
1.45 1.e9
1.454 1.e9
1.455 1.e9
1.455 1.e9
1.456 1.e9
1.457 1.e9
1.46 1.e9
1.461 1.e9
1.462 1.e9
1.463 1.e9
1.467 1.e9
1.467 1.e9
1.471 1.e9
1.473 1.e9
1.473 1.e9
1.474 1.e9
1.475 1.e9
1.476 1.e9
1.491 1.e9
1.492 1.e9
1.497 1.e9
1.5 1.e9
1.502 1.e9
1.508 1.e9
1.508 1.e9
1.509 1.e9
1.512 1.e9
1.513 1.e9
1.513 1.e9
1.514 1.e9
1.514 1.e9
1.515 1.e9
1.515 1.e9
1.517 1.e9
1.522 1.e9
1.524 1.e9
1.53 1.e9
1.532 1.e9
1.532 1.e9
1.536 1.e9
1.539 1.e9
1.544 1.e9
1.546 1.e9
1.549 1.e9
1.55 1.e9
1.551 1.e9
1.558 1.e9
1.559 1.e9
1.56 1.e9
1.561 1.e9
1.562 1.e9
1.564 1.e9
1.565 1.e9
1.565 1.e9
1.565 1.e9
1.567 1.e9
1.568 1.e9
1.569 1.e9
1.572 1.e9
1.572 1.e9
1.577 1.e9
1.581 1.e9
1.582 1.e9
1.583 1.e9
1.584 1.e9
1.592 1.e9
1.592 1.e9
1.595 1.e9
1.595 1.e9
1.595 1.e9
1.595 1.e9
1.596 1.e9
1.601 1.e9
1.604 1.e9
1.604 1.e9
1.606 1.e9
1.608 1.e9
1.608 1.e9
1.611 1.e9
1.611 1.e9
1.613 1.e9
1.615 1.e9
1.615 1.e9
1.617 1.e9
1.617 1.e9
1.62 1.e9
1.62 1.e9
1.621 1.e9
1.623 1.e9
1.629 1.e9
1.63 1.e9
1.63 1.e9
1.63 1.e9
1.631 1.e9
1.633 1.e9
1.633 1.e9
1.633 1.e9
1.635 1.e9
1.636 1.e9
1.638 1.e9
1.64 1.e9
1.642 1.e9
1.645 1.e9
1.646 1.e9
1.646 1.e9
1.649 1.e9
1.65 1.e9
1.652 1.e9
1.652 1.e9
1.652 1.e9
1.654 1.e9
1.655 1.e9
1.658 1.e9
1.66 1.e9
1.661 1.e9
1.662 1.e9
1.665 1.e9
1.668 1.e9
1.669 1.e9
1.67 1.e9
1.672 1.e9
1.677 1.e9
1.678 1.e9
1.687 1.e9
1.691 1.e9
1.693 1.e9
1.694 1.e9
1.705 1.e9
1.705 1.e9
1.707 1.e9
1.71 1.e9
1.713 1.e9
1.714 1.e9
1.717 1.e9
1.717 1.e9
1.72 1.e9
1.72 1.e9
1.72 1.e9
1.721 1.e9
1.721 1.e9
1.724 1.e9
1.73 1.e9
1.733 1.e9
1.733 1.e9
1.74 1.e9
1.743 1.e9
1.749 1.e9
1.752 1.e9
1.755 1.e9
1.758 1.e9
1.763 1.e9
1.767 1.e9
1.769 1.e9
1.771 1.e9
1.775 1.e9
1.776 1.e9
1.778 1.e9
1.78 1.e9
1.782 1.e9
1.783 1.e9
1.787 1.e9
1.788 1.e9
1.79 1.e9
1.791 1.e9
1.791 1.e9
1.792 1.e9
1.792 1.e9
1.794 1.e9
1.795 1.e9
1.795 1.e9
1.796 1.e9
1.799 1.e9
1.804 1.e9
1.804 1.e9
1.804 1.e9
1.808 1.e9
1.811 1.e9
1.813 1.e9
1.816 1.e9
1.817 1.e9
1.819 1.e9
1.823 1.e9
1.824 1.e9
1.824 1.e9
1.826 1.e9
1.831 1.e9
1.831 1.e9
1.832 1.e9
1.836 1.e9
1.839 1.e9
1.839 1.e9
1.84 1.e9
1.842 1.e9
1.843 1.e9
1.844 1.e9
1.844 1.e9
1.845 1.e9
1.849 1.e9
1.852 1.e9
1.853 1.e9
1.857 1.e9
1.857 1.e9
1.858 1.e9
1.86 1.e9
1.86 1.e9
1.867 1.e9
1.869 1.e9
1.87 1.e9
1.872 1.e9
1.873 1.e9
1.874 1.e9
1.875 1.e9
1.876 1.e9
1.876 1.e9
1.877 1.e9
1.88 1.e9
1.88 1.e9
1.881 1.e9
1.882 1.e9
1.884 1.e9
1.885 1.e9
1.887 1.e9
1.888 1.e9
1.888 1.e9
1.888 1.e9
1.889 1.e9
1.893 1.e9
1.894 1.e9
1.897 1.e9
1.898 1.e9
1.899 1.e9
1.902 1.e9
1.905 1.e9
1.906 1.e9
1.907 1.e9
1.908 1.e9
1.914 1.e9
1.917 1.e9
1.923 1.e9
1.924 1.e9
1.924 1.e9
1.924 1.e9
1.927 1.e9
1.927 1.e9
1.929 1.e9
1.93 1.e9
1.94 1.e9
1.942 1.e9
1.947 1.e9
1.95 1.e9
1.951 1.e9
1.951 1.e9
1.954 1.e9
1.956 1.e9
1.958 1.e9
1.958 1.e9
1.958 1.e9
1.963 1.e9
1.965 1.e9
1.966 1.e9
1.967 1.e9
1.967 1.e9
1.97 1.e9
1.97 1.e9
1.971 1.e9
1.972 1.e9
1.973 1.e9
1.975 1.e9
1.976 1.e9
1.978 1.e9
1.98 1.e9
1.983 1.e9
1.984 1.e9
1.985 1.e9
1.986 1.e9
1.988 1.e9
1.99 1.e9
1.995 1.e9
1.996 1.e9
1.998 1.e9
1.999 1.e9
1.999 1.e9
2.001 1.e9
2.002 1.e9
2.004 1.e9
2.008 1.e9
2.009 1.e9
2.009 1.e9
2.011 1.e9
2.016 1.e9
2.018 1.e9
2.02 1.e9
2.021 1.e9
2.022 1.e9
2.022 1.e9
2.025 1.e9
2.027 1.e9
2.027 1.e9
2.027 1.e9
2.028 1.e9
2.028 1.e9
2.029 1.e9
2.029 1.e9
2.03 1.e9
2.035 1.e9
2.036 1.e9
2.04 1.e9
2.04 1.e9
2.041 1.e9
2.044 1.e9
2.046 1.e9
2.046 1.e9
2.047 1.e9
2.051 1.e9
2.052 1.e9
2.054 1.e9
2.056 1.e9
2.056 1.e9
2.056 1.e9
2.057 1.e9
2.063 1.e9
2.066 1.e9
2.067 1.e9
2.068 1.e9
2.07 1.e9
2.071 1.e9
2.072 1.e9
2.074 1.e9
2.075 1.e9
2.076 1.e9
2.077 1.e9
2.077 1.e9
2.077 1.e9
2.079 1.e9
2.08 1.e9
2.085 1.e9
2.085 1.e9
2.086 1.e9
2.088 1.e9
2.088 1.e9
2.089 1.e9
2.092 1.e9
2.092 1.e9
2.093 1.e9
2.093 1.e9
2.096 1.e9
2.103 1.e9
2.105 1.e9
2.105 1.e9
2.107 1.e9
2.108 1.e9
2.111 1.e9
2.112 1.e9
2.115 1.e9
2.115 1.e9
2.116 1.e9
2.118 1.e9
2.124 1.e9
2.125 1.e9
2.127 1.e9
2.127 1.e9
2.127 1.e9
2.129 1.e9
2.129 1.e9
2.131 1.e9
2.132 1.e9
2.134 1.e9
2.14 1.e9
2.142 1.e9
2.143 1.e9
2.147 1.e9
2.147 1.e9
2.149 1.e9
2.15 1.e9
2.151 1.e9
2.152 1.e9
2.152 1.e9
2.153 1.e9
2.155 1.e9
2.156 1.e9
2.156 1.e9
2.157 1.e9
2.16 1.e9
2.16 1.e9
2.163 1.e9
2.164 1.e9
2.165 1.e9
2.166 1.e9
2.168 1.e9
2.168 1.e9
2.171 1.e9
2.175 1.e9
2.181 1.e9
2.182 1.e9
2.184 1.e9
2.185 1.e9
2.186 1.e9
2.188 1.e9
2.188 1.e9
2.191 1.e9
2.192 1.e9
2.192 1.e9
2.193 1.e9
2.195 1.e9
2.197 1.e9
2.198 1.e9
2.199 1.e9
2.206 1.e9
2.212 1.e9
2.213 1.e9
2.214 1.e9
2.219 1.e9
2.222 1.e9
2.225 1.e9
2.226 1.e9
2.226 1.e9
2.228 1.e9
2.235 1.e9
2.236 1.e9
2.239 1.e9
2.244 1.e9
2.245 1.e9
2.247 1.e9
2.248 1.e9
2.251 1.e9
2.251 1.e9
2.251 1.e9
2.252 1.e9
2.259 1.e9
2.263 1.e9
2.263 1.e9
2.264 1.e9
2.267 1.e9
2.269 1.e9
2.274 1.e9
2.276 1.e9
2.277 1.e9
2.278 1.e9
2.28 1.e9
2.28 1.e9
2.28 1.e9
2.282 1.e9
2.284 1.e9
2.285 1.e9
2.285 1.e9
2.286 1.e9
2.287 1.e9
2.291 1.e9
2.295 1.e9
2.297 1.e9
2.299 1.e9
2.3 1.e9
2.302 1.e9
2.303 1.e9
2.304 1.e9
2.306 1.e9
2.312 1.e9
2.313 1.e9
2.314 1.e9
2.316 1.e9
2.317 1.e9
2.32 1.e9
2.324 1.e9
2.325 1.e9
2.325 1.e9
2.326 1.e9
2.326 1.e9
2.327 1.e9
2.329 1.e9
2.33 1.e9
2.33 1.e9
2.331 1.e9
2.331 1.e9
2.332 1.e9
2.333 1.e9
2.333 1.e9
2.334 1.e9
2.334 1.e9
2.336 1.e9
2.342 1.e9
2.344 1.e9
2.345 1.e9
2.345 1.e9
2.347 1.e9
2.349 1.e9
2.351 1.e9
2.354 1.e9
2.355 1.e9
2.355 1.e9
2.356 1.e9
2.356 1.e9
2.356 1.e9
2.357 1.e9
2.357 1.e9
2.358 1.e9
2.359 1.e9
2.36 1.e9
2.362 1.e9
2.366 1.e9
2.366 1.e9
2.372 1.e9
2.374 1.e9
2.377 1.e9
2.379 1.e9
2.383 1.e9
2.383 1.e9
2.384 1.e9
2.385 1.e9
2.386 1.e9
2.389 1.e9
2.389 1.e9
2.39 1.e9
2.394 1.e9
2.395 1.e9
2.395 1.e9
2.395 1.e9
2.395 1.e9
2.396 1.e9
2.397 1.e9
2.398 1.e9
2.4 1.e9
2.4 1.e9
2.401 1.e9
2.401 1.e9
2.401 1.e9
2.405 1.e9
2.409 1.e9
2.41 1.e9
2.417 1.e9
2.417 1.e9
2.418 1.e9
2.422 1.e9
2.425 1.e9
2.426 1.e9
2.433 1.e9
2.434 1.e9
2.435 1.e9
2.439 1.e9
2.442 1.e9
2.442 1.e9
2.442 1.e9
2.447 1.e9
2.447 1.e9
2.454 1.e9
2.454 1.e9
2.456 1.e9
2.458 1.e9
2.459 1.e9
2.466 1.e9
2.474 1.e9
2.474 1.e9
2.475 1.e9
2.477 1.e9
2.478 1.e9
2.481 1.e9
2.485 1.e9
2.491 1.e9
2.496 1.e9
2.497 1.e9
2.499 1.e9
2.501 1.e9
2.501 1.e9
2.502 1.e9
2.504 1.e9
2.505 1.e9
2.505 1.e9
2.51 1.e9
2.511 1.e9
2.517 1.e9
2.518 1.e9
2.519 1.e9
2.519 1.e9
2.522 1.e9
2.522 1.e9
2.522 1.e9
2.523 1.e9
2.523 1.e9
2.524 1.e9
2.525 1.e9
2.533 1.e9
2.534 1.e9
2.534 1.e9
2.538 1.e9
2.541 1.e9
2.541 1.e9
2.544 1.e9
2.544 1.e9
2.546 1.e9
2.547 1.e9
2.553 1.e9
2.553 1.e9
2.554 1.e9
2.557 1.e9
2.558 1.e9
2.559 1.e9
2.559 1.e9
2.56 1.e9
2.561 1.e9
2.566 1.e9
2.567 1.e9
2.57 1.e9
2.571 1.e9
2.573 1.e9
2.579 1.e9
2.581 1.e9
2.583 1.e9
2.586 1.e9
2.587 1.e9
2.59 1.e9
2.59 1.e9
2.592 1.e9
2.593 1.e9
2.597 1.e9
2.599 1.e9
2.6 1.e9
2.603 1.e9
2.604 1.e9
2.614 1.e9
2.616 1.e9
2.617 1.e9
2.618 1.e9
2.621 1.e9
2.622 1.e9
2.626 1.e9
2.628 1.e9
2.628 1.e9
2.63 1.e9
2.633 1.e9
2.634 1.e9
2.636 1.e9
2.637 1.e9
2.638 1.e9
2.639 1.e9
2.639 1.e9
2.64 1.e9
2.642 1.e9
2.644 1.e9
2.645 1.e9
2.646 1.e9
2.647 1.e9
2.656 1.e9
2.658 1.e9
2.66 1.e9
2.662 1.e9
2.663 1.e9
2.664 1.e9
2.665 1.e9
2.668 1.e9
2.669 1.e9
2.67 1.e9
2.67 1.e9
2.671 1.e9
2.672 1.e9
2.672 1.e9
2.674 1.e9
2.674 1.e9
2.676 1.e9
2.678 1.e9
2.679 1.e9
2.679 1.e9
2.686 1.e9
2.688 1.e9
2.693 1.e9
2.694 1.e9
2.695 1.e9
2.695 1.e9
2.696 1.e9
2.697 1.e9
2.701 1.e9
2.703 1.e9
2.708 1.e9
2.709 1.e9
2.713 1.e9
2.714 1.e9
2.722 1.e9
2.722 1.e9
2.724 1.e9
2.725 1.e9
2.726 1.e9
2.727 1.e9
2.727 1.e9
2.727 1.e9
2.728 1.e9
2.728 1.e9
2.73 1.e9
2.734 1.e9
2.735 1.e9
2.735 1.e9
2.739 1.e9
2.74 1.e9
2.741 1.e9
2.741 1.e9
2.744 1.e9
2.747 1.e9
2.747 1.e9
2.749 1.e9
2.757 1.e9
2.761 1.e9
2.761 1.e9
2.762 1.e9
2.765 1.e9
2.767 1.e9
2.767 1.e9
2.769 1.e9
2.769 1.e9
2.769 1.e9
2.771 1.e9
2.78 1.e9
2.78 1.e9
2.781 1.e9
2.783 1.e9
2.788 1.e9
2.795 1.e9
2.8 1.e9
2.803 1.e9
2.804 1.e9
2.808 1.e9
2.808 1.e9
2.811 1.e9
2.812 1.e9
2.813 1.e9
2.813 1.e9
2.814 1.e9
2.816 1.e9
2.817 1.e9
2.818 1.e9
2.818 1.e9
2.822 1.e9
2.825 1.e9
2.825 1.e9
2.825 1.e9
2.826 1.e9
2.828 1.e9
2.828 1.e9
2.829 1.e9
2.833 1.e9
2.833 1.e9
2.836 1.e9
2.839 1.e9
2.839 1.e9
2.843 1.e9
2.849 1.e9
2.849 1.e9
2.85 1.e9
2.85 1.e9
2.854 1.e9
2.857 1.e9
2.858 1.e9
2.859 1.e9
2.86 1.e9
2.86 1.e9
2.861 1.e9
2.874 1.e9
2.875 1.e9
2.875 1.e9
2.878 1.e9
2.878 1.e9
2.879 1.e9
2.88 1.e9
2.88 1.e9
2.881 1.e9
2.883 1.e9
2.883 1.e9
2.886 1.e9
2.89 1.e9
2.893 1.e9
2.894 1.e9
2.894 1.e9
2.895 1.e9
2.895 1.e9
2.895 1.e9
2.896 1.e9
2.897 1.e9
2.898 1.e9
2.899 1.e9
2.9 1.e9
2.904 1.e9
2.904 1.e9
2.905 1.e9
2.91 1.e9
2.915 1.e9
2.92 1.e9
2.921 1.e9
2.924 1.e9
2.934 1.e9
2.934 1.e9
2.935 1.e9
2.937 1.e9
2.94 1.e9
2.944 1.e9
2.946 1.e9
2.946 1.e9
2.947 1.e9
2.948 1.e9
2.949 1.e9
2.95 1.e9
2.951 1.e9
2.956 1.e9
2.959 1.e9
2.961 1.e9
2.962 1.e9
2.964 1.e9
2.965 1.e9
2.967 1.e9
2.967 1.e9
2.968 1.e9
2.971 1.e9
2.976 1.e9
2.976 1.e9
2.976 1.e9
2.983 1.e9
2.983 1.e9
2.983 1.e9
2.984 1.e9
2.984 1.e9
2.99 1.e9
2.993 1.e9
2.994 1.e9
2.996 1.e9
2.997 1.e9
2.997 1.e9
2.997 1.e9
2.997 1.e9
2.998 1.e9
2.999 1.e9
3.006 1.e9
3.006 1.e9
3.007 1.e9
3.007 1.e9
3.012 1.e9
3.012 1.e9
3.012 1.e9
3.013 1.e9
3.016 1.e9
3.018 1.e9
3.022 1.e9
3.023 1.e9
3.024 1.e9
3.024 1.e9
3.025 1.e9
3.029 1.e9
3.03 1.e9
3.031 1.e9
3.033 1.e9
3.034 1.e9
3.035 1.e9
3.038 1.e9
3.045 1.e9
3.048 1.e9
3.051 1.e9
3.052 1.e9
3.052 1.e9
3.052 1.e9
3.055 1.e9
3.056 1.e9
3.056 1.e9
3.059 1.e9
3.06 1.e9
3.061 1.e9
3.065 1.e9
3.071 1.e9
3.074 1.e9
3.075 1.e9
3.076 1.e9
3.08 1.e9
3.081 1.e9
3.082 1.e9
3.082 1.e9
3.086 1.e9
3.088 1.e9
3.095 1.e9
3.102 1.e9
3.106 1.e9
3.108 1.e9
3.109 1.e9
3.112 1.e9
3.113 1.e9
3.114 1.e9
3.115 1.e9
3.117 1.e9
3.117 1.e9
3.118 1.e9
3.118 1.e9
3.119 1.e9
3.12 1.e9
3.121 1.e9
3.124 1.e9
3.124 1.e9
3.13 1.e9
3.132 1.e9
3.133 1.e9
3.135 1.e9
3.146 1.e9
3.147 1.e9
3.147 1.e9
3.147 1.e9
3.149 1.e9
3.151 1.e9
3.152 1.e9
3.152 1.e9
3.155 1.e9
3.156 1.e9
3.159 1.e9
3.159 1.e9
3.162 1.e9
3.163 1.e9
3.165 1.e9
3.166 1.e9
3.166 1.e9
3.17 1.e9
3.173 1.e9
3.173 1.e9
3.177 1.e9
3.177 1.e9
3.179 1.e9
3.181 1.e9
3.184 1.e9
3.186 1.e9
3.194 1.e9
3.2 1.e9
3.202 1.e9
3.206 1.e9
3.206 1.e9
3.207 1.e9
3.207 1.e9
3.213 1.e9
3.214 1.e9
3.215 1.e9
3.216 1.e9
3.216 1.e9
3.223 1.e9
3.224 1.e9
3.225 1.e9
3.225 1.e9
3.226 1.e9
3.228 1.e9
3.23 1.e9
3.233 1.e9
3.235 1.e9
3.238 1.e9
3.241 1.e9
3.242 1.e9
3.243 1.e9
3.245 1.e9
3.248 1.e9
3.249 1.e9
3.249 1.e9
3.249 1.e9
3.25 1.e9
3.251 1.e9
3.253 1.e9
3.253 1.e9
3.255 1.e9
3.256 1.e9
3.257 1.e9
3.259 1.e9
3.261 1.e9
3.262 1.e9
3.262 1.e9
3.263 1.e9
3.265 1.e9
3.266 1.e9
3.267 1.e9
3.267 1.e9
3.268 1.e9
3.269 1.e9
3.271 1.e9
3.276 1.e9
3.279 1.e9
3.282 1.e9
3.284 1.e9
3.287 1.e9
3.287 1.e9
3.288 1.e9
3.289 1.e9
3.289 1.e9
3.29 1.e9
3.293 1.e9
3.296 1.e9
3.305 1.e9
3.308 1.e9
3.31 1.e9
3.311 1.e9
3.317 1.e9
3.322 1.e9
3.322 1.e9
3.322 1.e9
3.323 1.e9
3.323 1.e9
3.324 1.e9
3.326 1.e9
3.327 1.e9
3.327 1.e9
3.334 1.e9
3.334 1.e9
3.334 1.e9
3.335 1.e9
3.335 1.e9
3.335 1.e9
3.335 1.e9
3.336 1.e9
3.337 1.e9
3.338 1.e9
3.34 1.e9
3.343 1.e9
3.343 1.e9
3.346 1.e9
3.349 1.e9
3.356 1.e9
3.358 1.e9
3.361 1.e9
3.364 1.e9
3.364 1.e9
3.365 1.e9
3.365 1.e9
3.367 1.e9
3.368 1.e9
3.371 1.e9
3.375 1.e9
3.376 1.e9
3.376 1.e9
3.378 1.e9
3.385 1.e9
3.385 1.e9
3.389 1.e9
3.39 1.e9
3.39 1.e9
3.391 1.e9
3.394 1.e9
3.395 1.e9
3.398 1.e9
3.399 1.e9
3.402 1.e9
3.405 1.e9
3.405 1.e9
3.407 1.e9
3.41 1.e9
3.418 1.e9
3.422 1.e9
3.425 1.e9
3.426 1.e9
3.427 1.e9
3.43 1.e9
3.431 1.e9
3.431 1.e9
3.432 1.e9
3.434 1.e9
3.439 1.e9
3.44 1.e9
3.443 1.e9
3.445 1.e9
3.448 1.e9
3.449 1.e9
3.449 1.e9
3.454 1.e9
3.455 1.e9
3.457 1.e9
3.463 1.e9
3.465 1.e9
3.466 1.e9
3.472 1.e9
3.476 1.e9
3.477 1.e9
3.478 1.e9
3.48 1.e9
3.481 1.e9
3.482 1.e9
3.483 1.e9
3.483 1.e9
3.484 1.e9
3.484 1.e9
3.487 1.e9
3.488 1.e9
3.497 1.e9
3.499 1.e9
3.504 1.e9
3.506 1.e9
3.512 1.e9
3.512 1.e9
3.513 1.e9
3.526 1.e9
3.529 1.e9
3.53 1.e9
3.531 1.e9
3.531 1.e9
3.532 1.e9
3.532 1.e9
3.533 1.e9
3.534 1.e9
3.535 1.e9
3.536 1.e9
3.542 1.e9
3.544 1.e9
3.546 1.e9
3.547 1.e9
3.548 1.e9
3.549 1.e9
3.55 1.e9
3.553 1.e9
3.557 1.e9
3.558 1.e9
3.559 1.e9
3.561 1.e9
3.561 1.e9
3.562 1.e9
3.562 1.e9
3.563 1.e9
3.564 1.e9
3.568 1.e9
3.569 1.e9
3.57 1.e9
3.571 1.e9
3.571 1.e9
3.573 1.e9
3.573 1.e9
3.576 1.e9
3.576 1.e9
3.579 1.e9
3.58 1.e9
3.583 1.e9
3.583 1.e9
3.583 1.e9
3.584 1.e9
3.588 1.e9
3.59 1.e9
3.594 1.e9
3.595 1.e9
3.596 1.e9
3.6 1.e9
3.602 1.e9
3.605 1.e9
3.608 1.e9
3.608 1.e9
3.611 1.e9
3.611 1.e9
3.611 1.e9
3.614 1.e9
3.616 1.e9
3.621 1.e9
3.621 1.e9
3.624 1.e9
3.626 1.e9
3.631 1.e9
3.631 1.e9
3.632 1.e9
3.632 1.e9
3.634 1.e9
3.639 1.e9
3.64 1.e9
3.641 1.e9
3.641 1.e9
3.643 1.e9
3.644 1.e9
3.646 1.e9
3.658 1.e9
3.658 1.e9
3.658 1.e9
3.659 1.e9
3.663 1.e9
3.666 1.e9
3.67 1.e9
3.671 1.e9
3.671 1.e9
3.672 1.e9
3.672 1.e9
3.673 1.e9
3.674 1.e9
3.675 1.e9
3.675 1.e9
3.676 1.e9
3.679 1.e9
3.68 1.e9
3.681 1.e9
3.684 1.e9
3.684 1.e9
3.686 1.e9
3.688 1.e9
3.688 1.e9
3.691 1.e9
3.697 1.e9
3.7 1.e9
3.705 1.e9
3.71 1.e9
3.714 1.e9
3.718 1.e9
3.72 1.e9
3.721 1.e9
3.722 1.e9
3.722 1.e9
3.723 1.e9
3.724 1.e9
3.725 1.e9
3.726 1.e9
3.73 1.e9
3.73 1.e9
3.731 1.e9
3.735 1.e9
3.741 1.e9
3.742 1.e9
3.745 1.e9
3.748 1.e9
3.752 1.e9
3.754 1.e9
3.759 1.e9
3.759 1.e9
3.762 1.e9
3.762 1.e9
3.765 1.e9
3.767 1.e9
3.768 1.e9
3.768 1.e9
3.77 1.e9
3.771 1.e9
3.773 1.e9
3.774 1.e9
3.779 1.e9
3.786 1.e9
3.79 1.e9
3.791 1.e9
3.791 1.e9
3.792 1.e9
3.793 1.e9
3.795 1.e9
3.795 1.e9
3.796 1.e9
3.797 1.e9
3.798 1.e9
3.798 1.e9
3.808 1.e9
3.81 1.e9
3.814 1.e9
3.814 1.e9
3.818 1.e9
3.82 1.e9
3.826 1.e9
3.828 1.e9
3.828 1.e9
3.83 1.e9
3.832 1.e9
3.832 1.e9
3.833 1.e9
3.835 1.e9
3.839 1.e9
3.84 1.e9
3.841 1.e9
3.848 1.e9
3.85 1.e9
3.854 1.e9
3.856 1.e9
3.859 1.e9
3.86 1.e9
3.863 1.e9
3.864 1.e9
3.869 1.e9
3.873 1.e9
3.873 1.e9
3.874 1.e9
3.875 1.e9
3.875 1.e9
3.878 1.e9
3.878 1.e9
3.88 1.e9
3.882 1.e9
3.888 1.e9
3.889 1.e9
3.89 1.e9
3.891 1.e9
3.894 1.e9
3.894 1.e9
3.894 1.e9
3.895 1.e9
3.897 1.e9
3.901 1.e9
3.902 1.e9
3.905 1.e9
3.906 1.e9
3.908 1.e9
3.908 1.e9
3.91 1.e9
3.91 1.e9
3.912 1.e9
3.914 1.e9
3.918 1.e9
3.921 1.e9
3.925 1.e9
3.932 1.e9
3.936 1.e9
3.936 1.e9
3.937 1.e9
3.939 1.e9
3.939 1.e9
3.942 1.e9
3.944 1.e9
3.948 1.e9
3.949 1.e9
3.949 1.e9
3.952 1.e9
3.955 1.e9
3.958 1.e9
3.958 1.e9
3.958 1.e9
3.958 1.e9
3.959 1.e9
3.96 1.e9
3.961 1.e9
3.962 1.e9
3.97 1.e9
3.97 1.e9
3.971 1.e9
3.976 1.e9
3.976 1.e9
3.977 1.e9
3.977 1.e9
3.98 1.e9
3.98 1.e9
3.982 1.e9
3.985 1.e9
3.992 1.e9
3.994 1.e9
3.995 1.e9
3.995 1.e9
3.998 1.e9
4.001 1.e9
4.006 1.e9
4.009 1.e9
4.01 1.e9
4.01 1.e9
4.011 1.e9
4.012 1.e9
4.014 1.e9
4.017 1.e9
4.017 1.e9
4.021 1.e9
4.021 1.e9
4.022 1.e9
4.029 1.e9
4.029 1.e9
4.035 1.e9
4.038 1.e9
4.039 1.e9
4.043 1.e9
4.045 1.e9
4.048 1.e9
4.054 1.e9
4.058 1.e9
4.06 1.e9
4.06 1.e9
4.06 1.e9
4.061 1.e9
4.061 1.e9
4.069 1.e9
4.072 1.e9
4.072 1.e9
4.077 1.e9
4.079 1.e9
4.079 1.e9
4.081 1.e9
4.086 1.e9
4.086 1.e9
4.087 1.e9
4.087 1.e9
4.09 1.e9
4.092 1.e9
4.093 1.e9
4.094 1.e9
4.095 1.e9
4.096 1.e9
4.096 1.e9
4.097 1.e9
4.098 1.e9
4.098 1.e9
4.1 1.e9
4.102 1.e9
4.103 1.e9
4.106 1.e9
4.107 1.e9
4.107 1.e9
4.109 1.e9
4.111 1.e9
4.114 1.e9
4.118 1.e9
4.119 1.e9
4.119 1.e9
4.12 1.e9
4.12 1.e9
4.126 1.e9
4.127 1.e9
4.128 1.e9
4.13 1.e9
4.135 1.e9
4.136 1.e9
4.14 1.e9
4.14 1.e9
4.142 1.e9
4.149 1.e9
4.149 1.e9
4.149 1.e9
4.15 1.e9
4.152 1.e9
4.153 1.e9
4.154 1.e9
4.159 1.e9
4.159 1.e9
4.16 1.e9
4.16 1.e9
4.161 1.e9
4.163 1.e9
4.167 1.e9
4.168 1.e9
4.168 1.e9
4.173 1.e9
4.175 1.e9
4.178 1.e9
4.181 1.e9
4.181 1.e9
4.183 1.e9
4.184 1.e9
4.188 1.e9
4.189 1.e9
4.193 1.e9
4.196 1.e9
4.199 1.e9
4.2 1.e9
4.201 1.e9
4.202 1.e9
4.202 1.e9
4.202 1.e9
4.207 1.e9
4.208 1.e9
4.209 1.e9
4.212 1.e9
4.214 1.e9
4.215 1.e9
4.216 1.e9
4.217 1.e9
4.218 1.e9
4.219 1.e9
4.219 1.e9
4.223 1.e9
4.226 1.e9
4.227 1.e9
4.229 1.e9
4.233 1.e9
4.233 1.e9
4.236 1.e9
4.237 1.e9
4.24 1.e9
4.244 1.e9
4.244 1.e9
4.245 1.e9
4.248 1.e9
4.25 1.e9
4.255 1.e9
4.256 1.e9
4.257 1.e9
4.259 1.e9
4.262 1.e9
4.265 1.e9
4.272 1.e9
4.273 1.e9
4.276 1.e9
4.278 1.e9
4.278 1.e9
4.282 1.e9
4.284 1.e9
4.285 1.e9
4.286 1.e9
4.288 1.e9
4.289 1.e9
4.291 1.e9
4.293 1.e9
4.296 1.e9
4.296 1.e9
4.296 1.e9
4.297 1.e9
4.298 1.e9
4.299 1.e9
4.303 1.e9
4.304 1.e9
4.306 1.e9
4.307 1.e9
4.315 1.e9
4.316 1.e9
4.318 1.e9
4.323 1.e9
4.324 1.e9
4.325 1.e9
4.326 1.e9
4.326 1.e9
4.328 1.e9
4.328 1.e9
4.332 1.e9
4.339 1.e9
4.341 1.e9
4.343 1.e9
4.35 1.e9
4.351 1.e9
4.351 1.e9
4.354 1.e9
4.355 1.e9
4.356 1.e9
4.36 1.e9
4.362 1.e9
4.372 1.e9
4.372 1.e9
4.374 1.e9
4.376 1.e9
4.377 1.e9
4.377 1.e9
4.378 1.e9
4.38 1.e9
4.385 1.e9
4.387 1.e9
4.387 1.e9
4.388 1.e9
4.391 1.e9
4.392 1.e9
4.394 1.e9
4.397 1.e9
4.4 1.e9
4.4 1.e9
4.402 1.e9
4.402 1.e9
4.407 1.e9
4.409 1.e9
4.409 1.e9
4.417 1.e9
4.418 1.e9
4.42 1.e9
4.422 1.e9
4.425 1.e9
4.425 1.e9
4.426 1.e9
4.429 1.e9
4.437 1.e9
4.437 1.e9
4.437 1.e9
4.44 1.e9
4.443 1.e9
4.447 1.e9
4.448 1.e9
4.451 1.e9
4.456 1.e9
4.457 1.e9
4.464 1.e9
4.464 1.e9
4.468 1.e9
4.47 1.e9
4.472 1.e9
4.479 1.e9
4.481 1.e9
4.481 1.e9
4.483 1.e9
4.485 1.e9
4.485 1.e9
4.486 1.e9
4.492 1.e9
4.492 1.e9
4.493 1.e9
4.494 1.e9
4.494 1.e9
4.497 1.e9
4.5 1.e9
4.501 1.e9
4.506 1.e9
4.509 1.e9
4.511 1.e9
4.514 1.e9
4.517 1.e9
4.519 1.e9
4.529 1.e9
4.531 1.e9
4.531 1.e9
4.531 1.e9
4.535 1.e9
4.536 1.e9
4.542 1.e9
4.543 1.e9
4.543 1.e9
4.543 1.e9
4.55 1.e9
4.552 1.e9
4.555 1.e9
4.555 1.e9
4.557 1.e9
4.559 1.e9
4.559 1.e9
4.559 1.e9
4.559 1.e9
4.567 1.e9
4.571 1.e9
4.573 1.e9
4.573 1.e9
4.575 1.e9
4.575 1.e9
4.576 1.e9
4.577 1.e9
4.581 1.e9
4.581 1.e9
4.581 1.e9
4.587 1.e9
4.588 1.e9
4.588 1.e9
4.592 1.e9
4.594 1.e9
4.597 1.e9
4.601 1.e9
4.604 1.e9
4.609 1.e9
4.609 1.e9
4.614 1.e9
4.618 1.e9
4.621 1.e9
4.622 1.e9
4.624 1.e9
4.627 1.e9
4.629 1.e9
4.63 1.e9
4.631 1.e9
4.632 1.e9
4.635 1.e9
4.638 1.e9
4.638 1.e9
4.64 1.e9
4.642 1.e9
4.645 1.e9
4.649 1.e9
4.65 1.e9
4.65 1.e9
4.651 1.e9
4.664 1.e9
4.667 1.e9
4.672 1.e9
4.674 1.e9
4.674 1.e9
4.676 1.e9
4.679 1.e9
4.681 1.e9
4.683 1.e9
4.684 1.e9
4.684 1.e9
4.686 1.e9
4.687 1.e9
4.689 1.e9
4.69 1.e9
4.694 1.e9
4.695 1.e9
4.696 1.e9
4.702 1.e9
4.702 1.e9
4.703 1.e9
4.703 1.e9
4.704 1.e9
4.704 1.e9
4.705 1.e9
4.708 1.e9
4.718 1.e9
4.718 1.e9
4.719 1.e9
4.72 1.e9
4.721 1.e9
4.723 1.e9
4.728 1.e9
4.735 1.e9
4.735 1.e9
4.737 1.e9
4.738 1.e9
4.74 1.e9
4.745 1.e9
4.748 1.e9
4.749 1.e9
4.752 1.e9
4.753 1.e9
4.755 1.e9
4.756 1.e9
4.757 1.e9
4.763 1.e9
4.765 1.e9
4.768 1.e9
4.769 1.e9
4.77 1.e9
4.775 1.e9
4.776 1.e9
4.776 1.e9
4.777 1.e9
4.778 1.e9
4.784 1.e9
4.787 1.e9
4.793 1.e9
4.795 1.e9
4.796 1.e9
4.799 1.e9
4.802 1.e9
4.803 1.e9
4.806 1.e9
4.809 1.e9
4.813 1.e9
4.815 1.e9
4.818 1.e9
4.822 1.e9
4.822 1.e9
4.826 1.e9
4.829 1.e9
4.83 1.e9
4.833 1.e9
4.833 1.e9
4.841 1.e9
4.842 1.e9
4.843 1.e9
4.843 1.e9
4.843 1.e9
4.846 1.e9
4.847 1.e9
4.853 1.e9
4.853 1.e9
4.853 1.e9
4.854 1.e9
4.855 1.e9
4.855 1.e9
4.856 1.e9
4.857 1.e9
4.858 1.e9
4.859 1.e9
4.86 1.e9
4.862 1.e9
4.863 1.e9
4.864 1.e9
4.868 1.e9
4.869 1.e9
4.872 1.e9
4.877 1.e9
4.887 1.e9
4.892 1.e9
4.895 1.e9
4.895 1.e9
4.896 1.e9
4.896 1.e9
4.898 1.e9
4.898 1.e9
4.899 1.e9
4.901 1.e9
4.901 1.e9
4.903 1.e9
4.907 1.e9
4.91 1.e9
4.91 1.e9
4.912 1.e9
4.912 1.e9
4.913 1.e9
4.917 1.e9
4.918 1.e9
4.92 1.e9
4.926 1.e9
4.932 1.e9
4.938 1.e9
4.938 1.e9
4.939 1.e9
4.941 1.e9
4.943 1.e9
4.945 1.e9
4.946 1.e9
4.947 1.e9
4.948 1.e9
4.951 1.e9
4.952 1.e9
4.954 1.e9
4.955 1.e9
4.957 1.e9
4.958 1.e9
4.958 1.e9
4.959 1.e9
4.963 1.e9
4.965 1.e9
4.965 1.e9
4.971 1.e9
4.978 1.e9
4.979 1.e9
4.982 1.e9
4.982 1.e9
4.987 1.e9
4.988 1.e9
4.991 1.e9
4.993 1.e9
4.998 1.e9
4.998 1.e9
4.998 1.e9
4.999 1.e9
4.999 1.e9
4.999 1.e9
4.999 1.e9
5.002 1.e9
5.002 1.e9
5.004 1.e9
5.007 1.e9
5.007 1.e9
5.009 1.e9
5.014 1.e9
5.014 1.e9
5.016 1.e9
5.016 1.e9
5.016 1.e9
5.017 1.e9
5.017 1.e9
5.021 1.e9
5.022 1.e9
5.027 1.e9
5.027 1.e9
5.028 1.e9
5.029 1.e9
5.03 1.e9
5.033 1.e9
5.034 1.e9
5.036 1.e9
5.039 1.e9
5.045 1.e9
5.045 1.e9
5.045 1.e9
5.047 1.e9
5.047 1.e9
5.048 1.e9
5.049 1.e9
5.05 1.e9
5.05 1.e9
5.056 1.e9
5.057 1.e9
5.06 1.e9
5.061 1.e9
5.063 1.e9
5.069 1.e9
5.069 1.e9
5.07 1.e9
5.072 1.e9
5.073 1.e9
5.085 1.e9
5.086 1.e9
5.087 1.e9
5.087 1.e9
5.087 1.e9
5.09 1.e9
5.09 1.e9
5.09 1.e9
5.09 1.e9
5.092 1.e9
5.092 1.e9
5.094 1.e9
5.094 1.e9
5.096 1.e9
5.1 1.e9
5.101 1.e9
5.104 1.e9
5.104 1.e9
5.105 1.e9
5.106 1.e9
5.106 1.e9
5.106 1.e9
5.106 1.e9
5.108 1.e9
5.108 1.e9
5.108 1.e9
5.109 1.e9
5.11 1.e9
5.111 1.e9
5.116 1.e9
5.117 1.e9
5.12 1.e9
5.121 1.e9
5.124 1.e9
5.127 1.e9
5.127 1.e9
5.128 1.e9
5.129 1.e9
5.13 1.e9
5.131 1.e9
5.137 1.e9
5.138 1.e9
5.142 1.e9
5.143 1.e9
5.143 1.e9
5.143 1.e9
5.147 1.e9
5.154 1.e9
5.156 1.e9
5.158 1.e9
5.158 1.e9
5.162 1.e9
5.163 1.e9
5.165 1.e9
5.166 1.e9
5.17 1.e9
5.171 1.e9
5.171 1.e9
5.178 1.e9
5.179 1.e9
5.182 1.e9
5.185 1.e9
5.186 1.e9
5.191 1.e9
5.192 1.e9
5.192 1.e9
5.194 1.e9
5.196 1.e9
5.197 1.e9
5.198 1.e9
5.201 1.e9
5.201 1.e9
5.203 1.e9
5.204 1.e9
5.208 1.e9
5.208 1.e9
5.209 1.e9
5.209 1.e9
5.209 1.e9
5.216 1.e9
5.225 1.e9
5.23 1.e9
5.231 1.e9
5.234 1.e9
5.235 1.e9
5.237 1.e9
5.241 1.e9
5.243 1.e9
5.247 1.e9
5.247 1.e9
5.249 1.e9
5.258 1.e9
5.259 1.e9
5.26 1.e9
5.261 1.e9
5.261 1.e9
5.265 1.e9
5.266 1.e9
5.269 1.e9
5.27 1.e9
5.276 1.e9
5.276 1.e9
5.277 1.e9
5.283 1.e9
5.284 1.e9
5.291 1.e9
5.293 1.e9
5.302 1.e9
5.306 1.e9
5.307 1.e9
5.31 1.e9
5.31 1.e9
5.313 1.e9
5.321 1.e9
5.323 1.e9
5.325 1.e9
5.326 1.e9
5.327 1.e9
5.327 1.e9
5.331 1.e9
5.333 1.e9
5.335 1.e9
5.337 1.e9
5.338 1.e9
5.34 1.e9
5.341 1.e9
5.341 1.e9
5.342 1.e9
5.343 1.e9
5.344 1.e9
5.348 1.e9
5.35 1.e9
5.351 1.e9
5.351 1.e9
5.352 1.e9
5.353 1.e9
5.353 1.e9
5.353 1.e9
5.355 1.e9
5.356 1.e9
5.357 1.e9
5.358 1.e9
5.358 1.e9
5.362 1.e9
5.367 1.e9
5.368 1.e9
5.37 1.e9
5.372 1.e9
5.372 1.e9
5.374 1.e9
5.375 1.e9
5.376 1.e9
5.377 1.e9
5.377 1.e9
5.381 1.e9
5.381 1.e9
5.387 1.e9
5.389 1.e9
5.389 1.e9
5.393 1.e9
5.399 1.e9
5.4 1.e9
5.401 1.e9
5.402 1.e9
5.402 1.e9
5.403 1.e9
5.403 1.e9
5.404 1.e9
5.406 1.e9
5.406 1.e9
5.408 1.e9
5.409 1.e9
5.41 1.e9
5.413 1.e9
5.413 1.e9
5.415 1.e9
5.416 1.e9
5.417 1.e9
5.418 1.e9
5.418 1.e9
5.418 1.e9
5.419 1.e9
5.42 1.e9
5.42 1.e9
5.422 1.e9
5.425 1.e9
5.427 1.e9
5.43 1.e9
5.43 1.e9
5.433 1.e9
5.435 1.e9
5.44 1.e9
5.443 1.e9
5.449 1.e9
5.449 1.e9
5.451 1.e9
5.452 1.e9
5.453 1.e9
5.453 1.e9
5.454 1.e9
5.456 1.e9
5.468 1.e9
5.47 1.e9
5.475 1.e9
5.476 1.e9
5.478 1.e9
5.479 1.e9
5.48 1.e9
5.482 1.e9
5.487 1.e9
5.488 1.e9
5.492 1.e9
5.492 1.e9
5.494 1.e9
5.496 1.e9
5.496 1.e9
5.497 1.e9
5.507 1.e9
5.51 1.e9
5.511 1.e9
5.511 1.e9
5.512 1.e9
5.517 1.e9
5.518 1.e9
5.519 1.e9
5.521 1.e9
5.526 1.e9
5.526 1.e9
5.531 1.e9
5.532 1.e9
5.533 1.e9
5.534 1.e9
5.537 1.e9
5.537 1.e9
5.539 1.e9
5.54 1.e9
5.544 1.e9
5.545 1.e9
5.547 1.e9
5.55 1.e9
5.552 1.e9
5.554 1.e9
5.556 1.e9
5.561 1.e9
5.563 1.e9
5.567 1.e9
5.567 1.e9
5.571 1.e9
5.572 1.e9
5.572 1.e9
5.573 1.e9
5.574 1.e9
5.576 1.e9
5.577 1.e9
5.578 1.e9
5.579 1.e9
5.58 1.e9
5.582 1.e9
5.584 1.e9
5.584 1.e9
5.585 1.e9
5.593 1.e9
5.593 1.e9
5.595 1.e9
5.595 1.e9
5.595 1.e9
5.598 1.e9
5.598 1.e9
5.598 1.e9
5.601 1.e9
5.601 1.e9
5.608 1.e9
5.611 1.e9
5.613 1.e9
5.613 1.e9
5.615 1.e9
5.618 1.e9
5.618 1.e9
5.622 1.e9
5.623 1.e9
5.623 1.e9
5.624 1.e9
5.628 1.e9
5.628 1.e9
5.631 1.e9
5.634 1.e9
5.635 1.e9
5.636 1.e9
5.636 1.e9
5.636 1.e9
5.637 1.e9
5.637 1.e9
5.639 1.e9
5.641 1.e9
5.641 1.e9
5.642 1.e9
5.651 1.e9
5.651 1.e9
5.655 1.e9
5.655 1.e9
5.657 1.e9
5.66 1.e9
5.667 1.e9
5.671 1.e9
5.671 1.e9
5.672 1.e9
5.673 1.e9
5.68 1.e9
5.681 1.e9
5.683 1.e9
5.684 1.e9
5.686 1.e9
5.686 1.e9
5.688 1.e9
5.688 1.e9
5.69 1.e9
5.691 1.e9
5.692 1.e9
5.693 1.e9
5.696 1.e9
5.698 1.e9
5.703 1.e9
5.703 1.e9
5.704 1.e9
5.705 1.e9
5.706 1.e9
5.706 1.e9
5.706 1.e9
5.707 1.e9
5.708 1.e9
5.71 1.e9
5.712 1.e9
5.714 1.e9
5.715 1.e9
5.718 1.e9
5.72 1.e9
5.72 1.e9
5.728 1.e9
5.73 1.e9
5.731 1.e9
5.732 1.e9
5.738 1.e9
5.739 1.e9
5.739 1.e9
5.74 1.e9
5.741 1.e9
5.741 1.e9
5.748 1.e9
5.749 1.e9
5.753 1.e9
5.754 1.e9
5.756 1.e9
5.76 1.e9
5.761 1.e9
5.761 1.e9
5.766 1.e9
5.767 1.e9
5.768 1.e9
5.769 1.e9
5.77 1.e9
5.771 1.e9
5.772 1.e9
5.778 1.e9
5.786 1.e9
5.788 1.e9
5.792 1.e9
5.792 1.e9
5.792 1.e9
5.793 1.e9
5.801 1.e9
5.809 1.e9
5.812 1.e9
5.827 1.e9
5.831 1.e9
5.838 1.e9
5.839 1.e9
5.841 1.e9
5.846 1.e9
5.846 1.e9
5.847 1.e9
5.852 1.e9
5.856 1.e9
5.861 1.e9
5.862 1.e9
5.863 1.e9
5.864 1.e9
5.869 1.e9
5.869 1.e9
5.869 1.e9
5.871 1.e9
5.872 1.e9
5.873 1.e9
5.875 1.e9
5.88 1.e9
5.884 1.e9
5.884 1.e9
5.889 1.e9
5.89 1.e9
5.89 1.e9
5.893 1.e9
5.895 1.e9
5.9 1.e9
5.902 1.e9
5.902 1.e9
5.906 1.e9
5.907 1.e9
5.907 1.e9
5.908 1.e9
5.908 1.e9
5.91 1.e9
5.91 1.e9
5.919 1.e9
5.92 1.e9
5.925 1.e9
5.925 1.e9
5.926 1.e9
5.931 1.e9
5.933 1.e9
5.933 1.e9
5.934 1.e9
5.936 1.e9
5.938 1.e9
5.939 1.e9
5.94 1.e9
5.941 1.e9
5.942 1.e9
5.943 1.e9
5.943 1.e9
5.944 1.e9
5.945 1.e9
5.945 1.e9
5.947 1.e9
5.948 1.e9
5.948 1.e9
5.95 1.e9
5.955 1.e9
5.958 1.e9
5.959 1.e9
5.96 1.e9
5.963 1.e9
5.963 1.e9
5.964 1.e9
5.965 1.e9
5.967 1.e9
5.971 1.e9
5.974 1.e9
5.975 1.e9
5.978 1.e9
5.979 1.e9
5.979 1.e9
5.982 1.e9
5.997 1.e9
6.003 1.e9
6.011 1.e9
6.012 1.e9
6.012 1.e9
6.012 1.e9
6.023 1.e9
6.023 1.e9
6.025 1.e9
6.025 1.e9
6.027 1.e9
6.034 1.e9
6.036 1.e9
6.046 1.e9
6.047 1.e9
6.05 1.e9
6.051 1.e9
6.055 1.e9
6.055 1.e9
6.057 1.e9
6.057 1.e9
6.061 1.e9
6.068 1.e9
6.072 1.e9
6.073 1.e9
6.078 1.e9
6.081 1.e9
6.081 1.e9
6.081 1.e9
6.083 1.e9
6.085 1.e9
6.085 1.e9
6.09 1.e9
6.09 1.e9
6.091 1.e9
6.091 1.e9
6.091 1.e9
6.095 1.e9
6.097 1.e9
6.108 1.e9
6.111 1.e9
6.112 1.e9
6.112 1.e9
6.113 1.e9
6.118 1.e9
6.123 1.e9
6.123 1.e9
6.124 1.e9
6.124 1.e9
6.125 1.e9
6.125 1.e9
6.13 1.e9
6.132 1.e9
6.133 1.e9
6.133 1.e9
6.136 1.e9
6.137 1.e9
6.141 1.e9
6.143 1.e9
6.143 1.e9
6.144 1.e9
6.149 1.e9
6.15 1.e9
6.151 1.e9
6.151 1.e9
6.151 1.e9
6.157 1.e9
6.161 1.e9
6.165 1.e9
6.172 1.e9
6.176 1.e9
6.177 1.e9
6.178 1.e9
6.178 1.e9
6.179 1.e9
6.179 1.e9
6.179 1.e9
6.181 1.e9
6.183 1.e9
6.184 1.e9
6.184 1.e9
6.185 1.e9
6.191 1.e9
6.193 1.e9
6.193 1.e9
6.196 1.e9
6.199 1.e9
6.205 1.e9
6.205 1.e9
6.209 1.e9
6.209 1.e9
6.217 1.e9
6.224 1.e9
6.224 1.e9
6.227 1.e9
6.227 1.e9
6.228 1.e9
6.233 1.e9
6.237 1.e9
6.238 1.e9
6.238 1.e9
6.238 1.e9
6.24 1.e9
6.241 1.e9
6.241 1.e9
6.241 1.e9
6.242 1.e9
6.248 1.e9
6.254 1.e9
6.258 1.e9
6.259 1.e9
6.26 1.e9
6.261 1.e9
6.271 1.e9
6.271 1.e9
6.273 1.e9
6.274 1.e9
6.274 1.e9
6.279 1.e9
6.282 1.e9
6.285 1.e9
6.287 1.e9
6.293 1.e9
6.296 1.e9
6.298 1.e9
6.299 1.e9
6.302 1.e9
6.303 1.e9
6.306 1.e9
6.308 1.e9
6.31 1.e9
6.313 1.e9
6.313 1.e9
6.314 1.e9
6.314 1.e9
6.316 1.e9
6.316 1.e9
6.318 1.e9
6.32 1.e9
6.32 1.e9
6.321 1.e9
6.326 1.e9
6.33 1.e9
6.331 1.e9
6.34 1.e9
6.34 1.e9
6.345 1.e9
6.346 1.e9
6.351 1.e9
6.353 1.e9
6.357 1.e9
6.362 1.e9
6.364 1.e9
6.364 1.e9
6.366 1.e9
6.369 1.e9
6.369 1.e9
6.37 1.e9
6.379 1.e9
6.38 1.e9
6.387 1.e9
6.389 1.e9
6.394 1.e9
6.395 1.e9
6.396 1.e9
6.4 1.e9
6.4 1.e9
6.4 1.e9
6.405 1.e9
6.406 1.e9
6.406 1.e9
6.409 1.e9
6.411 1.e9
6.415 1.e9
6.416 1.e9
6.416 1.e9
6.418 1.e9
6.419 1.e9
6.425 1.e9
6.428 1.e9
6.433 1.e9
6.434 1.e9
6.441 1.e9
6.441 1.e9
6.445 1.e9
6.446 1.e9
6.446 1.e9
6.447 1.e9
6.448 1.e9
6.452 1.e9
6.452 1.e9
6.463 1.e9
6.466 1.e9
6.466 1.e9
6.475 1.e9
6.486 1.e9
6.488 1.e9
6.491 1.e9
6.491 1.e9
6.505 1.e9
6.508 1.e9
6.512 1.e9
6.513 1.e9
6.514 1.e9
6.516 1.e9
6.518 1.e9
6.518 1.e9
6.522 1.e9
6.523 1.e9
6.526 1.e9
6.527 1.e9
6.527 1.e9
6.532 1.e9
6.536 1.e9
6.536 1.e9
6.536 1.e9
6.537 1.e9
6.538 1.e9
6.54 1.e9
6.54 1.e9
6.54 1.e9
6.54 1.e9
6.541 1.e9
6.542 1.e9
6.543 1.e9
6.544 1.e9
6.547 1.e9
6.55 1.e9
6.551 1.e9
6.552 1.e9
6.553 1.e9
6.556 1.e9
6.558 1.e9
6.56 1.e9
6.561 1.e9
6.568 1.e9
6.569 1.e9
6.574 1.e9
6.577 1.e9
6.579 1.e9
6.579 1.e9
6.582 1.e9
6.587 1.e9
6.588 1.e9
6.59 1.e9
6.591 1.e9
6.594 1.e9
6.596 1.e9
6.597 1.e9
6.598 1.e9
6.598 1.e9
6.605 1.e9
6.605 1.e9
6.606 1.e9
6.607 1.e9
6.607 1.e9
6.608 1.e9
6.609 1.e9
6.613 1.e9
6.62 1.e9
6.621 1.e9
6.623 1.e9
6.624 1.e9
6.628 1.e9
6.631 1.e9
6.64 1.e9
6.64 1.e9
6.642 1.e9
6.642 1.e9
6.644 1.e9
6.646 1.e9
6.648 1.e9
6.648 1.e9
6.653 1.e9
6.653 1.e9
6.657 1.e9
6.662 1.e9
6.663 1.e9
6.665 1.e9
6.665 1.e9
6.67 1.e9
6.67 1.e9
6.671 1.e9
6.672 1.e9
6.673 1.e9
6.675 1.e9
6.677 1.e9
6.677 1.e9
6.683 1.e9
6.69 1.e9
6.691 1.e9
6.692 1.e9
6.695 1.e9
6.697 1.e9
6.698 1.e9
6.705 1.e9
6.71 1.e9
6.714 1.e9
6.714 1.e9
6.715 1.e9
6.718 1.e9
6.719 1.e9
6.72 1.e9
6.721 1.e9
6.722 1.e9
6.724 1.e9
6.724 1.e9
6.726 1.e9
6.726 1.e9
6.729 1.e9
6.73 1.e9
6.73 1.e9
6.732 1.e9
6.732 1.e9
6.732 1.e9
6.732 1.e9
6.732 1.e9
6.733 1.e9
6.733 1.e9
6.735 1.e9
6.736 1.e9
6.742 1.e9
6.742 1.e9
6.742 1.e9
6.743 1.e9
6.746 1.e9
6.746 1.e9
6.746 1.e9
6.752 1.e9
6.753 1.e9
6.754 1.e9
6.758 1.e9
6.76 1.e9
6.76 1.e9
6.761 1.e9
6.763 1.e9
6.766 1.e9
6.772 1.e9
6.773 1.e9
6.773 1.e9
6.776 1.e9
6.779 1.e9
6.781 1.e9
6.781 1.e9
6.785 1.e9
6.785 1.e9
6.785 1.e9
6.785 1.e9
6.791 1.e9
6.791 1.e9
6.792 1.e9
6.796 1.e9
6.799 1.e9
6.801 1.e9
6.802 1.e9
6.81 1.e9
6.813 1.e9
6.816 1.e9
6.819 1.e9
6.821 1.e9
6.823 1.e9
6.827 1.e9
6.827 1.e9
6.828 1.e9
6.829 1.e9
6.83 1.e9
6.83 1.e9
6.834 1.e9
6.834 1.e9
6.836 1.e9
6.84 1.e9
6.84 1.e9
6.848 1.e9
6.849 1.e9
6.849 1.e9
6.853 1.e9
6.855 1.e9
6.855 1.e9
6.855 1.e9
6.855 1.e9
6.856 1.e9
6.857 1.e9
6.857 1.e9
6.857 1.e9
6.858 1.e9
6.86 1.e9
6.862 1.e9
6.862 1.e9
6.867 1.e9
6.867 1.e9
6.871 1.e9
6.872 1.e9
6.877 1.e9
6.877 1.e9
6.88 1.e9
6.885 1.e9
6.886 1.e9
6.886 1.e9
6.887 1.e9
6.887 1.e9
6.889 1.e9
6.889 1.e9
6.892 1.e9
6.897 1.e9
6.898 1.e9
6.899 1.e9
6.899 1.e9
6.901 1.e9
6.904 1.e9
6.906 1.e9
6.906 1.e9
6.906 1.e9
6.906 1.e9
6.907 1.e9
6.908 1.e9
6.917 1.e9
6.918 1.e9
6.92 1.e9
6.92 1.e9
6.926 1.e9
6.929 1.e9
6.93 1.e9
6.931 1.e9
6.934 1.e9
6.935 1.e9
6.942 1.e9
6.943 1.e9
6.946 1.e9
6.95 1.e9
6.951 1.e9
6.954 1.e9
6.955 1.e9
6.956 1.e9
6.961 1.e9
6.963 1.e9
6.964 1.e9
6.964 1.e9
6.967 1.e9
6.972 1.e9
6.973 1.e9
6.975 1.e9
6.98 1.e9
6.981 1.e9
6.985 1.e9
6.985 1.e9
6.987 1.e9
6.991 1.e9
6.995 1.e9
6.997 1.e9
6.999 1.e9