0.5094921  25.95796
0.513891  25.23233
0.5149675  25.05474
0.5215639  23.96661
0.5220437  23.88747
0.5305784  22.4796
0.5336263  21.97681
0.5379398  21.26526
0.541183  20.73028
0.5423058  20.54506
0.5425547  20.504
0.5437693  20.30363
0.5448263  20.12928
0.5448812  20.12022
0.5477314  19.65005
0.5510076  19.10962
0.5511767  19.08172
0.5563339  18.231
0.5571412  18.09782
0.5580083  17.95478
0.5599577  17.63322
0.5605413  17.53695
0.565087  16.7871
0.5665136  16.55176
0.5705142  15.89184
0.5707373  15.85504
0.5727656  15.52044
0.5767018  14.87113
0.5791395  14.46902
0.5830927  13.8169
0.5850772  13.48954
0.5858607  13.36029
0.5877497  13.04869
0.5883145  12.95553
0.5894348  12.77071
0.6023517  10.63997
0.6036159  10.43143
0.604587  10.27123
0.6066828  9.925509
0.6092331  9.504811
0.6102842  9.331424
0.6144217  8.648915
0.614424  8.648533
0.6206876  8.173052
0.6207076  8.172169
0.6217254  8.127253
0.6220446  8.113166
0.6249758  7.983802
0.6252962  7.969664
0.6264185  7.920134
0.6265546  7.914126
0.6297805  7.771758
0.6332078  7.620504
0.6370669  7.450189
0.6371809  7.44516
0.6396389  7.336681
0.6431918  7.179882
0.6461909  7.047523
0.6467147  7.024405
0.6492323  6.913297
0.6495045  6.901284
0.650565  6.85448
0.6509675  6.83672
0.6542428  6.692171
0.6583913  6.509088
0.6629549  6.307683
0.6642727  6.249526
0.6711449  5.946236
0.671351  5.937137
0.6735363  5.840697
0.6799121  5.559315
0.6803704  5.539089
0.6815519  5.486948
0.6816256  5.483694
0.6862651  5.278941
0.6865157  5.267882
0.6893874  5.141146
0.6922614  5.014307
0.6943973  4.920042
0.6964224  4.830669
0.6976839  4.774996
0.6983582  4.745237
0.6991198  4.711627
0.7012143  4.619191
0.7068982  4.368345
0.7078451  4.326557
0.7083257  4.305348
0.7097738  4.241439
0.7109384  4.190038
0.7115103  4.1648
0.7117395  4.154688
0.7121651  4.135903
0.7132562  4.087749
0.7216746  3.716223
0.7220305  3.700515
0.7237265  3.625667
0.7242718  3.6016
0.7251396  3.563301
0.7294918  3.371229
0.7301035  3.344231
0.7314444  3.285055
0.7324494  3.240702
0.7342659  3.160533
0.73486  3.134314
0.7351557  3.121265
0.7374611  3.019523
0.7394841  2.930242
0.7429833  2.775812
0.745881  2.647928
0.7460107  2.642206
0.7467211  2.610851
0.7550652  2.246345
0.7571608  2.228575
0.7581412  2.220261
0.761704  2.190048
0.7664813  2.149537
0.7685736  2.131794
0.7703894  2.116396
0.7728621  2.095428
0.7732809  2.091876
0.7791418  2.042176
0.7802571  2.032718
0.7841817  1.999438
0.7881867  1.965475
0.7920944  1.932338
0.7937741  1.918095
0.794747  1.909845
0.796551  1.894547
0.8001547  1.863987
0.8001814  1.863761
0.8004505  1.861479
0.8008916  1.857739
0.8053725  1.81974
0.8111855  1.770447
0.8191704  1.702734
0.8196219  1.698906
0.8198482  1.696987
0.8201987  1.694015
0.8205491  1.691043
0.822085  1.678019
0.8226104  1.673563
0.8266209  1.639555
0.8316953  1.596524
0.8319432  1.594422
0.8404637  1.522168
0.8465172  1.470835
0.8472908  1.464274
0.8474862  1.462617
0.8484406  1.454524
0.8487603  1.451813
0.8502554  1.439135
0.8504099  1.437825
0.8527175  1.418256
0.8566251  1.38512
0.859492  1.360809
0.8645494  1.317922
0.8705979  1.266631
0.8749172  1.230004
0.8749789  1.22948
0.8767057  1.214837
0.8787225  1.197735
0.8858874  1.136976
0.8871907  1.125925
0.8882947  1.116563
0.8908615  1.094796
0.8909949  1.093665
0.8944719  1.06418
0.8949564  1.060071
0.8950776  1.059044
0.8956251  1.054401
0.898137  1.0331
0.8989622  1.026102
0.9008126  1.010412
0.9049048  0.9757098
0.907068  0.9573656
0.9084072  0.9460097
0.9106872  0.9266752
0.9109786  0.9242036
0.9164612  0.8777118
0.9197658  0.8560109
0.9219617  0.8498404
0.9238041  0.8446635
0.9267471  0.8363936
0.9272583  0.8349571
0.9278488  0.8332979
0.9317716  0.822275
0.9328046  0.8193724
0.9343172  0.8151219
0.9350479  0.8130689
0.9384317  0.8035604
0.938747  0.8026746
0.9402585  0.7984273
0.9441977  0.7873584
0.9447199  0.7858909
0.9490447  0.7737384
0.9496504  0.7720365
0.95004  0.7709417
0.9588833  0.7460925
0.9606781  0.7410492
0.9622365  0.73667
0.9639989  0.7317177
0.9680949  0.7202084
0.9717159  0.7100335
0.9718542  0.7096447
0.9731703  0.7059466
0.9743727  0.7025679
0.9858695  0.6702623
0.985928  0.670098
0.986398  0.6687775
0.9872814  0.6662951
0.988518  0.6628202
0.9885384  0.662763
0.9917855  0.6536388
0.9922948  0.6522077
0.9966589  0.6399447
0.9977358  0.6369188
0.9981986  0.6356182
0.9991597  0.6329175
0.9997582  0.6312357
1.004538  0.6178036
1.004793  0.6170891
1.005594  0.6148373
1.007398  0.6097676
1.007783  0.608687
1.010553  0.6009022
1.011776  0.5974659
1.012513  0.5953949
1.014513  0.5897756
1.014983  0.5884561
1.017494  0.5813997
1.018608  0.5782688
1.02009  0.574105
1.021013  0.5715119
1.021544  0.5700195
1.023131  0.5655581
1.024731  0.5610627
1.029991  0.5462825
1.030868  0.5438174
1.037322  0.5256822
1.039115  0.520644
1.041715  0.5133396
1.04406  0.5067496
1.050458  0.4887719
1.052954  0.4817583
1.054836  0.4764697
1.057808  0.4681173
1.057885  0.4679018
1.058702  0.4656064
1.061322  0.4582451
1.061538  0.4576363
1.061681  0.4572362
1.061689  0.457212
1.062056  0.456181
1.062888  0.453845
1.064678  0.4488154
1.067167  0.4418208
1.069606  0.4349655
1.072303  0.4273868
1.073134  0.4250534
1.075721  0.4177843
1.080565  0.4041737
1.084681  0.392606
1.085991  0.3889244
1.08819  0.3827459
1.089949  0.3778036
1.090987  0.3748879
1.091491  0.3734715
1.091983  0.3720882
1.094398  0.3653021
1.096065  0.3606175
1.097006  0.3579747
1.098068  0.3562131
1.099047  0.3548776
1.103678  0.3485614
1.10648  0.3447403
1.10664  0.344523
1.10959  0.340499
1.111912  0.3373332
1.115148  0.3329199
1.119604  0.3268422
1.119639  0.326794
1.119956  0.3263621
1.120184  0.3260507
1.120448  0.3256908
1.125683  0.3185519
1.126707  0.3171548
1.127624  0.3159044
1.128706  0.3144292
1.129811  0.3129216
1.136132  0.3043012
1.136439  0.303883
1.141128  0.2974886
1.141626  0.296809
1.141776  0.2966043
1.141821  0.2965435
1.142083  0.2961854
1.142998  0.2949372
1.14318  0.2946896
1.143221  0.2946339
1.145697  0.2912564
1.147028  0.2894418
1.150841  0.2842422
1.152711  0.281691
1.154509  0.2792396
1.155575  0.2777861
1.155982  0.277231
1.156057  0.2771287
1.158169  0.2742481
1.159026  0.2730791
1.160236  0.2714291
1.163479  0.2670056
1.163543  0.2669182
1.163619  0.2668147
1.163842  0.2665104
1.163916  0.2664099
1.168351  0.2603619
1.168367  0.2603396
1.170743  0.2570999
1.172266  0.2550223
1.173906  0.2527865
1.174707  0.2516928
1.177202  0.2482913
1.17825  0.2468616
1.184138  0.2388311
1.187243  0.2345974
1.193077  0.2266404
1.194603  0.2245593
1.197075  0.2211878
1.197817  0.2201763
1.200119  0.2170372
1.201217  0.2155391
1.204183  0.2114951
1.204673  0.2108257
1.211756  0.201167
1.212435  0.2002408
1.213119  0.1993071
1.213189  0.1992119
1.215218  0.1964446
1.215661  0.1958413
1.221491  0.1881321
1.222032  0.1878961
1.223917  0.1870747
1.22459  0.1867814
1.225537  0.1863689
1.226005  0.1861647
1.227634  0.1854549
1.229819  0.1845026
1.23188  0.1836044
1.234032  0.1826664
1.234636  0.1824033
1.234976  0.182255
1.236057  0.1817841
1.237408  0.1811951
1.238544  0.1807003
1.243051  0.178736
1.244921  0.1779212
1.246626  0.1771781
1.250081  0.175672
1.25587  0.1731493
1.261663  0.1706245
1.261962  0.1704943
1.26317  0.1699678
1.267422  0.1681148
1.26877  0.1675274
1.27017  0.166917
1.270291  0.1668644
1.272199  0.166033
1.272621  0.165849
1.273754  0.1653551
1.274607  0.1649834
1.275103  0.164767
1.280019  0.1626248
1.281615  0.1619294
1.282308  0.1616272
1.288217  0.1590517
1.288549  0.1589073
1.289691  0.1584095
1.293309  0.1568327
1.296366  0.1555006
1.298578  0.1545365
1.303299  0.1524791
1.303489  0.1523961
1.306883  0.1509171
1.308936  0.1500222
1.308965  0.1500098
1.310693  0.1492567
1.315217  0.1472851
1.321365  0.1446056
1.322158  0.1442601
1.323634  0.1436168
1.326847  0.1422165
1.330864  0.1404656
1.33143  0.1402191
1.332823  0.1396122
1.333531  0.1393034
1.342228  0.1355132
1.342793  0.135267
1.342817  0.1352565
1.34286  0.1352376
1.344438  0.1345501
1.345606  0.1340409
1.345712  0.1339946
1.346833  0.133506
1.347066  0.1334046
1.355125  0.1298926
1.371271  0.1228557
1.372041  0.1225203
1.3759  0.1208384
1.382012  0.1181747
1.386845  0.1160686
1.391022  0.1142481
1.397356  0.1114877
1.398601  0.1109448
1.401071  0.1098685
1.402334  0.1093181
1.403544  0.1087906
1.405634  0.1078796
1.406012  0.1077151
1.40725  0.1071756
1.407956  0.1068679
1.408643  0.1065685
1.412554  0.1048641
1.419455  0.1018564
1.419986  0.1016251
1.421808  0.1008311
1.425129  0.09938374
1.42615  0.09893851
1.426655  0.09871847
1.42751  0.09834579
1.42995  0.09728273
1.433994  0.09551991
1.433995  0.09551954
1.435829  0.09472026
1.438468  0.09357033
1.438786  0.09343154
1.440204  0.0928139
1.440835  0.09253855
1.440838  0.09253722
1.440912  0.09250533
1.442707  0.09172296
1.450263  0.08842989
1.451598  0.08784823
1.453161  0.08716683
1.453892  0.08684845
1.454907  0.08656515
1.456517  0.08633657
1.459568  0.08590345
1.46147  0.08563338
1.464703  0.08517445
1.465199  0.08510398
1.469469  0.0844977
1.470495  0.08435214
1.474406  0.08379681
1.477392  0.08337285
1.477875  0.0833044
1.479775  0.08303466
1.483845  0.08245682
1.484561  0.08235507
1.489896  0.08159774
1.490611  0.0814962
1.496396  0.08067485
1.497186  0.08056275
1.49797  0.08045142
1.509313  0.07884107
1.512891  0.07833303
1.513061  0.07830888
1.514787  0.0780639
1.520122  0.07730644
1.520899  0.07719623
1.522612  0.07695299
1.526569  0.07639111
1.527731  0.07622614
1.53015  0.07588284
1.531235  0.0757287
1.532101  0.07560583
1.53475  0.07522974
1.534808  0.07522153
1.540379  0.07443058
1.542244  0.07416576
1.542962  0.07406379
1.546819  0.0735163
1.547876  0.07336616
1.555316  0.07230996
1.555461  0.07228928
1.5572  0.07204247
1.567323  0.07060521
1.571938  0.06995011
1.572195  0.06991355
1.572461  0.06987575
1.572473  0.0698741
1.574696  0.06955852
1.575182  0.06948953
1.578452  0.06902522
1.579594  0.06886308
1.587461  0.06774618
1.587809  0.06769689
1.598798  0.06613669
1.601256  0.06578779
1.601363  0.06577256
1.602275  0.06564301
1.603691  0.06544207
1.607965  0.06483532
1.608633  0.06474048
1.61009  0.06453359
1.612552  0.06418405
1.615179  0.06381109
1.617486  0.06348358
1.618158  0.06338808
1.621154  0.06296283
1.624414  0.06250002
1.624743  0.06245328
1.625253  0.06238077
1.628389  0.06193566
1.628579  0.06190865
1.630222  0.06167543
1.630711  0.06160591
1.637469  0.06064653
1.643257  0.05982473
1.647622  0.05920503
1.649227  0.05897719
1.650821  0.05875085
1.650947  0.05873305
1.651542  0.05864859
1.65257  0.05850265
1.658366  0.0576798
1.658444  0.05766863
1.658683  0.0576347
1.659625  0.05750095
1.66252  0.05708992
1.663171  0.05699751
1.663422  0.05696192
1.668672  0.05621651
1.671161  0.05586326
1.673462  0.0555365
1.675449  0.05525438
1.679652  0.05465771
1.67991  0.05462109
1.680082  0.05459663
1.683002  0.05418212
1.6857  0.05379912
1.686022  0.05375332
1.687292  0.05357309
1.689173  0.05330595
1.689238  0.05329675
1.691352  0.0529966
1.69155  0.05296848
1.694932  0.05248845
1.701754  0.05151983
1.702983  0.05134539
1.706986  0.05077708
1.707941  0.05064154
1.709161  0.05046823
1.715032  0.04963473
1.718491  0.04914366
1.720158  0.04890697
1.723123  0.04848613
1.723337  0.04845568
1.72546  0.04815426
1.728819  0.04767734
1.729454  0.04758724
1.729699  0.0475524
1.731363  0.04731628
1.737408  0.04682184
1.737475  0.04681692
1.739733  0.0466524
1.742485  0.04645187
1.742565  0.04644598
1.742708  0.04643558
1.742946  0.04641823
1.749584  0.04593454
1.75167  0.04578249
1.753316  0.04566256
1.753995  0.04561305
1.755647  0.04549274
1.75601  0.04546627
1.758207  0.04530612
1.76117  0.0450902
1.76292  0.04496271
1.76547  0.04477688
1.767164  0.04465343
1.771844  0.04431238
1.775175  0.04406964
1.778186  0.04385021
1.779476  0.04375625
1.779489  0.0437553
1.780444  0.04368569
1.782688  0.04352213
1.782773  0.04351594
1.782923  0.04350506
1.788809  0.04307612
1.790435  0.04295758
1.800118  0.04225199
1.809756  0.04154966
1.810649  0.04148459
1.81098  0.04146044
1.811186  0.04144544
1.811235  0.04144188
1.812549  0.04134613
1.81648  0.04105964
1.818399  0.04091977
1.820041  0.04080014
1.823876  0.04052066
1.824838  0.04045056
1.825796  0.04038074
1.828353  0.04019446
1.831207  0.03998641
1.831863  0.03993867
1.835216  0.03969429
1.839006  0.03941813
1.839938  0.03935023
1.842687  0.03914985
1.849207  0.03867471
1.849389  0.03866149
1.84958  0.03864754
1.850129  0.03860755
1.852045  0.03846789
1.85216  0.03845952
1.852947  0.03840219
1.854031  0.03832316
1.856687  0.03812966
1.857644  0.03805988
1.859173  0.03794849
1.860967  0.03781777
1.865221  0.03750773
1.865521  0.03748592
1.870743  0.03710537
1.875921  0.03672803
1.876167  0.03671009
1.883801  0.0361538
1.887604  0.03587663
1.887634  0.03587449
1.887977  0.03584948
1.891353  0.03560346
1.893573  0.03544167
1.896528  0.03522633
1.896685  0.03521493
1.902553  0.03478731
1.906256  0.03451741
1.906288  0.0345151
1.917277  0.03371427
1.920107  0.03350809
1.921475  0.03340836
1.922433  0.03333853
1.925585  0.03310884
1.926142  0.03306831
1.926389  0.03305029
1.927578  0.03296361
1.927863  0.03294285
1.939608  0.03208701
1.941769  0.03192951
1.942634  0.03186648
1.943511  0.03180255
1.947745  0.03149398
1.955979  0.03089399
1.964492  0.03027363
1.965078  0.03023093
1.96774  0.03003694
1.969029  0.02994297
1.975966  0.0294375
1.986038  0.02870348
1.986298  0.02868458
1.992802  0.0282106
1.994161  0.02811158
1.995698  0.02799954
1.997632  0.02785861
2.002929  0.02747262
2.005692  0.02727128
2.009793  0.02697244
2.01064  0.02691068
2.014568  0.02662446
2.018187  0.0264898
2.019456  0.0264469
2.020118  0.02642448
2.024343  0.02628158
2.024371  0.02628061
2.025534  0.02624129
2.028312  0.02614731
2.028909  0.02612711
2.030477  0.02607407
2.031122  0.02605226
2.031875  0.02602679
2.038974  0.02578663
2.03941  0.02577189
2.040107  0.0257483
2.044455  0.02560123
2.046019  0.02554834
2.047764  0.02548932
2.049194  0.02544093
2.050214  0.02540643
2.053436  0.02529745
2.05414  0.02527362
2.055087  0.02524159
2.061241  0.02503343
2.061609  0.02502098
2.062164  0.0250022
2.067045  0.0248371
2.071131  0.02469886
2.071711  0.02467925
2.073878  0.02460594
2.074052  0.02460006
2.074839  0.02457343
2.076053  0.02453237
2.078575  0.02444707
2.084148  0.02425854
2.084623  0.02424247
2.08509  0.02422667
2.088461  0.02411265
2.088462  0.0241126
2.09259  0.02397296
2.09274  0.02396791
2.096058  0.02385566
2.098889  0.02375989
2.099509  0.02373891
2.100434  0.02370763
2.102164  0.02364912
2.104316  0.02357633
2.104836  0.02355872
2.106733  0.02349454
2.106822  0.02349156
2.10771  0.02346151
2.110269  0.02337495
2.110887  0.02335405
2.112449  0.02330121
2.112712  0.02329231
2.112801  0.02328929
2.113517  0.02326509
2.115748  0.0231896
2.115871  0.02318546
2.121944  0.02298003
2.125842  0.02284815
2.129318  0.02273056
2.12957  0.02272206
2.130036  0.02270629
2.131837  0.02264535
2.133293  0.02259611
2.133497  0.02258922
2.136548  0.02248599
2.139495  0.02238631
2.141587  0.02231554
2.142276  0.02229226
2.150457  0.0220155
2.151076  0.02199457
2.1515  0.02198021
2.151947  0.02196511
2.155611  0.02184116
2.156202  0.02182115
2.16024  0.02168459
2.160349  0.02168087
2.161267  0.02164983
2.163082  0.02158844
2.167007  0.02145565
2.172296  0.02127675
2.172391  0.02127353
2.173347  0.02124121
2.173484  0.02123659
2.175325  0.02117428
2.176642  0.02112974
2.177672  0.02109489
2.178796  0.02105689
2.180771  0.02099008
2.182196  0.02094188
2.182677  0.02092561
2.185229  0.02083928
2.192894  0.02058
2.194213  0.02053536
2.195208  0.0205017
2.196896  0.02044463
2.197378  0.02042829
2.201002  0.02030571
2.203828  0.02021014
2.208445  0.02005396
2.210441  0.01998643
2.210607  0.01998081
2.210712  0.01997727
2.214559  0.01984714
2.21555  0.0198136
2.22031  0.01965259
2.221556  0.01961044
2.223621  0.01954059
2.223832  0.01953346
2.227278  0.01941689
2.228084  0.01938961
2.230608  0.01930423
2.230952  0.01929259
2.231205  0.01928403
2.232247  0.0192488
2.235617  0.01913478
2.240006  0.01898634
2.241396  0.01893931
2.244083  0.01884841
2.24532  0.01880659
2.247968  0.01871699
2.248955  0.01868361
2.250231  0.01864045
2.252782  0.01855417
2.257962  0.01837894
2.258923  0.0183464
2.259939  0.01831204
2.26375  0.01818313
2.265438  0.01812605
2.265521  0.01812322
2.271337  0.01792649
2.278435  0.0176864
2.281278  0.01759023
2.293338  0.01718227
2.293461  0.01717811
2.294752  0.01713444
2.295234  0.01711814
2.296764  0.01706638
2.303781  0.01684897
2.309583  0.01674915
2.310937  0.01672586
2.311219  0.01672101
2.313702  0.01667828
2.315804  0.01664211
2.318093  0.01660273
2.320493  0.01656144
2.321254  0.01654836
2.322421  0.01652827
2.322918  0.01651972
2.326664  0.01645526
2.327261  0.01644499
2.329932  0.01639904
2.330639  0.01638687
2.331447  0.01637298
2.333172  0.01634329
2.335924  0.01629594
2.337675  0.01626581
2.339278  0.01623823
2.340491  0.01621736
2.340598  0.01621552
2.342449  0.01618367
2.342478  0.01618317
2.34387  0.01615922
2.343991  0.01615714
2.345157  0.01613708
2.345682  0.01612805
2.345957  0.01612332
2.349531  0.01606183
2.350721  0.01604135
2.351517  0.01602765
2.352175  0.01601633
2.353464  0.01599416
2.356227  0.01594661
2.360252  0.01587736
2.362247  0.01584305
2.366094  0.01577684
2.366325  0.01577287
2.368378  0.01573755
2.369037  0.01572621
2.372581  0.01566524
2.374285  0.01563591
2.374768  0.01562761
2.375258  0.01561917
2.375832  0.0156093
2.377205  0.01558568
2.378561  0.01556235
2.382548  0.01549375
2.401379  0.01516975
2.402911  0.01514338
2.407159  0.01507029
2.408095  0.01505419
2.410002  0.01502139
2.414904  0.01493705
2.41495  0.01493624
2.417494  0.01489247
2.417574  0.0148911
2.418708  0.01487159
2.420712  0.01483711
2.420726  0.01483686
2.42249  0.01480651
2.426222  0.01474231
2.426522  0.01473715
2.427981  0.01471205
2.439462  0.0145145
2.44339  0.01444693
2.447499  0.01437623
2.448194  0.01436427
2.450026  0.01433274
2.450134  0.01433089
2.450722  0.01432077
2.451911  0.01430032
2.454533  0.0142552
2.456199  0.01422653
2.456727  0.01421745
2.458749  0.01418266
2.459123  0.01417622
2.464727  0.0140798
2.471692  0.01395997
2.473807  0.01392358
2.480443  0.0138094
2.486458  0.0137059
2.487512  0.01368777
2.488213  0.01367571
2.489798  0.01364843
2.499297  0.01348501
2.502984  0.01342157
2.502988  0.0134215
2.507692  0.01334056
2.509079  0.0133167
2.510483  0.01329254
2.510736  0.01328819
2.510833  0.01328652
2.512169  0.01326353
2.512238  0.01326235
2.51653  0.0131885
2.516774  0.0131843
2.521169  0.01310868
2.522077  0.01309307
2.525938  0.01302664
2.533293  0.01290008
2.537961  0.01281977
2.543775  0.01271973
2.543898  0.01271761
2.547596  0.01265399
2.547676  0.01265261
2.548975  0.01263027
2.549309  0.01262452
2.549876  0.01261476
2.55678  0.01249598
2.557973  0.01247546
2.559446  0.0124501
2.559613  0.01244723
2.570755  0.01225552
2.571238  0.01224721
2.571713  0.01223905
2.57606  0.01216425
2.577893  0.01213271
2.578427  0.01212353
2.580166  0.0120936
2.582008  0.01206191
2.584241  0.01202348
2.584537  0.01201839
2.586637  0.01198227
2.587094  0.01197441
2.590697  0.01191241
2.591156  0.01190452
2.592255  0.0118856
2.594746  0.01184275
2.595161  0.0118356
2.595617  0.01182776
2.597049  0.01180312
2.597709  0.01179176
2.601555  0.0117256
2.601929  0.01171916
2.602273  0.01171325
2.609914  0.01158178
2.613333  0.01152295
2.613617  0.01151807
2.614357  0.01150533
2.614766  0.0114983
2.615196  0.01149089
2.616739  0.01146435
2.617068  0.01145868
2.618315  0.01143723
2.620127  0.01140605
2.62072  0.01139585
2.620914  0.01139252
2.62216  0.01137108
2.623129  0.0113544
2.62349  0.01134819
2.625457  0.01131434
2.630203  0.01123269
2.632963  0.0111852
2.635435  0.01114267
2.635821  0.01113603
2.637937  0.01109962
2.642788  0.01101616
2.643675  0.0110009
2.643681  0.01100079
2.645444  0.01097046
2.647946  0.0109274
2.650395  0.01088527
2.652633  0.01084676
2.652704  0.01084555
2.653909  0.01082481
2.65448  0.01081498
2.655083  0.0108046
2.662426  0.01067827
2.664245  0.01064697
2.664515  0.01064233
2.670123  0.01054583
2.67123  0.01052679
2.673267  0.01049174
2.676472  0.0104366
2.677275  0.01042279
2.678825  0.01039611
2.680708  0.01036372
2.685541  0.01028057
2.686835  0.0102583
2.688388  0.01023158
2.690101  0.01020211
2.696062  0.01009955
2.711488  0.009981992
2.713836  0.009965437
2.716262  0.009948321
2.716399  0.009947361
2.719039  0.009928738
2.72389  0.009894529
2.724545  0.009889909
2.724818  0.009887982
2.725279  0.009884731
2.726692  0.00987477
2.731267  0.009842503
2.732921  0.009830835
2.733749  0.009825
2.733903  0.009823914
2.733972  0.009823429
2.73467  0.009818502
2.736144  0.009808106
2.743789  0.009754189
2.744606  0.009748431
2.747395  0.009728758
2.747863  0.009725459
2.759876  0.009640741
2.760042  0.009639571
2.760117  0.009639038
2.760217  0.009638335
2.761512  0.009629198
2.7618  0.00962717
2.762661  0.009621099
2.765029  0.009604397
2.779994  0.00949886
2.784058  0.009470196
2.789517  0.009431698
2.791179  0.009419976
2.791266  0.009419363
2.79191  0.009414823
2.792022  0.009414033
2.792448  0.009411027
2.794641  0.009395561
2.801646  0.009346159
2.801867  0.009344597
2.802872  0.009337512
2.804943  0.009322908
2.809202  0.009292867
2.810325  0.00928495
2.814362  0.009256476
2.815423  0.009248994
2.816177  0.009243682
2.820499  0.009213201
2.824636  0.00918402
2.827515  0.009163718
2.831008  0.009139081
2.832492  0.009128617
2.83291  0.009125667
2.832975  0.009125214
2.83408  0.009117419
2.834445  0.009114841
2.839132  0.009081788
2.840715  0.009070628
2.841049  0.009068273
2.842488  0.00905812
2.845298  0.009038303
2.845958  0.009033653
2.846547  0.009029497
2.847451  0.009023123
2.848698  0.009014324
2.851188  0.008996765
2.851223  0.008996519
2.85199  0.008991109
2.852371  0.008988425
2.852672  0.008986302
2.856566  0.008958836
2.856658  0.008958188
2.862237  0.008918844
2.864901  0.008900056
2.8657  0.008894417
2.865885  0.008893116
2.866054  0.008891925
2.868957  0.008871449
2.871197  0.008855651
2.875327  0.008826529
2.878616  0.008803331
2.879966  0.00879381
2.883897  0.008766084
2.884081  0.008764788
2.884813  0.00875963
2.886674  0.008746499
2.890327  0.008720739
2.891509  0.008712402
2.897299  0.008671572
2.898419  0.008663674
2.900966  0.008645708
2.904173  0.008623091
2.904183  0.008623019
2.904604  0.008620049
2.905747  0.008611992
2.907609  0.008598861
2.909513  0.008585431
2.913437  0.008557759
2.914164  0.008552629
2.914377  0.008551125
2.915508  0.008543155
2.918508  0.008521994
2.918723  0.008520477
2.921043  0.008504115
2.927054  0.008461726
2.928704  0.008450088
2.929922  0.008441496
2.930478  0.008437576
2.931719  0.008428826
2.932051  0.008426482
2.934376  0.008410084
2.934492  0.008409268
2.935462  0.008402425
2.935493  0.00840221
2.935884  0.00839945
2.936439  0.008395539
2.93728  0.008389607
2.93807  0.008384036
2.939438  0.008374389
2.940913  0.008363984
2.941884  0.008357136
2.943687  0.00834442
2.944043  0.008341912
2.946681  0.008323308
2.947371  0.008318442
2.948451  0.008310824
2.953884  0.008272505
2.954322  0.008269419
2.959747  0.008231159
2.961261  0.008220478
2.961661  0.008217658
2.962942  0.008208627
2.963375  0.008205573
2.96425  0.008199403
2.96526  0.00819228
2.966591  0.008182892
2.970318  0.008156606
2.97248  0.008141362
2.972607  0.008140462
2.97517  0.008122389
2.977679  0.008104696
2.978063  0.008101988
2.97836  0.008099894
2.979838  0.008089471
2.982287  0.008072199
2.987021  0.008038812
2.989261  0.008023012
2.989902  0.008018495
2.990128  0.008016897
2.99088  0.008011594
2.992095  0.008003025
2.99483  0.007983739
2.995997  0.007975509
2.997301  0.007966312
3.000459  0.007944038
3.001004  0.007940197
3.00338  0.007923438
3.008517  0.007887214
3.008638  0.00788636
3.010233  0.007875112
3.011434  0.007866638
3.015896  0.007835173
3.021316  0.007796945
3.021337  0.0077968
3.022649  0.007787546
3.023872  0.007778922
3.024754  0.0077727
3.025877  0.007764778
3.025986  0.007764009
3.026581  0.007759814
3.02755  0.00775298
3.029178  0.007741498
3.033863  0.007708461
3.039051  0.007671869
3.039156  0.007671128
3.046718  0.007617801
3.047293  0.007613742
3.048514  0.007605131
3.049546  0.007597857
3.051139  0.00758662
3.052834  0.007574664
3.054495  0.007562954
3.056515  0.007548708
3.056634  0.00754787
3.056712  0.007547318
3.058631  0.007533783
3.062806  0.007504338
3.062937  0.007503414
3.065027  0.007488677
3.067002  0.007474752
3.067446  0.007471614
3.067607  0.007470482
3.068958  0.007460957
3.070192  0.007452254
3.072303  0.007437363
3.074322  0.007423125
3.074392  0.007422632
3.07454  0.007421585
3.074701  0.007420454
3.074787  0.007419845
3.078474  0.007393846
3.081969  0.007369196
3.086039  0.007340492
3.086435  0.007337698
3.089526  0.007315899
3.090723  0.00730746
3.0912  0.007304096
3.092097  0.007297764
3.096247  0.0072685
3.098285  0.007254125
3.098399  0.007253324
3.099868  0.00724296
3.100549  0.007238158
3.102218  0.007226391
3.102354  0.007225433
3.104578  0.007209744
3.105649  0.007202195
3.106308  0.007197542
3.10731  0.007190475
3.110805  0.00716583
3.111153  0.007163375
3.112307  0.007155235
3.113646  0.007145792
3.114626  0.007138886
3.11507  0.007135749
3.118887  0.00710883
3.119405  0.007105176
3.12097  0.007094142
3.121838  0.00708802
3.124061  0.007072345
3.126844  0.007052714
3.12723  0.00704999
3.127643  0.007047078
3.133802  0.007003646
3.134441  0.006999136
3.13505  0.006994845
3.136707  0.006983158
3.140019  0.006959797
3.140063  0.006959492
3.14011  0.006959159
3.141697  0.006947964
3.143471  0.006935457
3.147241  0.006908866
3.150171  0.0068882
3.153477  0.006864891
3.154305  0.006859045
3.158797  0.006827365
3.16671  0.00677156
3.167443  0.006766392
3.167463  0.006766255
3.167754  0.006764203
3.167787  0.006763967
3.172278  0.006732294
3.176013  0.006705957
3.177628  0.006694561
3.177754  0.006693679
3.180723  0.006672737
3.181329  0.006668466
3.18172  0.006665709
3.181884  0.006664548
3.182449  0.006660566
3.186627  0.006631097
3.188622  0.006617033
3.192051  0.006592844
3.19241  0.006590317
3.193869  0.006580025
3.197344  0.006555517
3.197373  0.006555313
3.200706  0.006531807
3.206908  0.006488069
3.208085  0.006479766
3.208404  0.00647752
3.213608  0.006440816
3.214242  0.006436348
3.214723  0.006432954
3.219496  0.00639929
3.221512  0.006385073
3.221846  0.006382719
3.22196  0.006381912
3.222622  0.006377247
3.229659  0.006334305
3.230832  0.006329994
3.23352  0.006320113
3.235591  0.0063125
3.240663  0.006293856
3.244364  0.00628025
3.24498  0.006277986
3.245031  0.006277798
3.245705  0.00627532
3.247597  0.006268366
3.249652  0.006260812
3.249664  0.00626077
3.250538  0.006257555
3.2579  0.006230494
3.25954  0.006224468
3.260148  0.006222232
3.261967  0.006215546
3.264703  0.00620549
3.268225  0.00619254
3.273732  0.006172297
3.274083  0.006171008
3.274167  0.006170701
3.276633  0.006161633
3.280541  0.006147271
3.284923  0.006131161
3.288498  0.00611802
3.288698  0.006117286
3.288736  0.006117147
3.293595  0.006099285
3.294161  0.006097203
3.296712  0.006087827
3.299331  0.006078201
3.306652  0.006051287
3.306753  0.006050917
3.307848  0.006046893
3.307913  0.006046654
3.310122  0.006038535
3.311324  0.006034116
3.311621  0.006033023
3.312903  0.00602831
3.314866  0.006021094
3.316118  0.006016495
3.316374  0.006015553
3.318022  0.006009495
3.322309  0.005993735
3.322462  0.005993173
3.322473  0.005993134
3.322901  0.005991558
3.324322  0.005986338
3.329985  0.005965521
3.334324  0.005949572
3.335443  0.005945456
3.337289  0.00593867
3.343225  0.005916851
3.345047  0.005910154
3.348026  0.005899204
3.350901  0.005888635
3.353643  0.005878556
3.35468  0.005874743
3.355233  0.00587271
3.355371  0.005872202
3.35664  0.005867538
3.358139  0.005862028
3.359055  0.005858662
3.360134  0.005854696
3.362799  0.005844901
3.36284  0.005844749
3.364329  0.005839277
3.37297  0.005807514
3.373529  0.005805456
3.373737  0.005804691
3.373934  0.005803969
3.375229  0.00579921
3.378723  0.005786366
3.379894  0.005782062
3.380848  0.005778556
3.380946  0.005778192
3.385567  0.005761207
3.386194  0.005758902
3.386865  0.005756435
3.387948  0.005752457
3.388131  0.005751784
3.389706  0.005745994
3.391503  0.005739389
3.392304  0.005736442
3.394213  0.005729426
3.396483  0.005721083
3.397493  0.00571737
3.397756  0.005716403
3.401951  0.005700981
3.404007  0.005693425
3.404777  0.005690594
3.411215  0.005666928
3.414198  0.005655965
3.414479  0.00565493
3.422389  0.005625856
3.423032  0.00562349
3.423211  0.005622832
3.425502  0.00561441
3.430889  0.005594611
3.430991  0.005594234
3.431823  0.005591176
3.437081  0.005571848
3.43815  0.005567921
3.443351  0.005548802
3.445492  0.005540929
3.445588  0.005540577
3.446358  0.005537747
3.449994  0.005524383
3.450679  0.005521865
3.452225  0.005516181
3.453134  0.005512839
3.453546  0.005511326
3.454306  0.005508531
3.456198  0.005501579
3.457683  0.005496118
3.460342  0.005486346
3.461063  0.005483696
3.462958  0.005476728
3.464212  0.005472118
3.464872  0.005469693
3.46608  0.005465252
3.466359  0.005464225
3.466943  0.00546208
3.467991  0.005458228
3.468427  0.005456626
3.474476  0.005434388
3.474889  0.005432873
3.476304  0.005427672
3.4764  0.005427319
3.478044  0.005421273
3.478091  0.005421102
3.479761  0.005414963
3.481773  0.005407567
3.482381  0.005405333
3.483697  0.005400493
3.484059  0.005399165
3.488385  0.00538326
3.488837  0.005381599
3.494062  0.005362395
3.494336  0.005361387
3.497635  0.00534926
3.501141  0.005336373
3.504249  0.00532495
3.504527  0.005323925
3.504734  0.005323165
3.505521  0.005320273
3.506726  0.005315842
3.508296  0.005310072
3.508522  0.00530924
3.51223  0.00529561
3.515431  0.005283844
3.515962  0.005281894
3.518701  0.005271823
3.519106  0.005270335
3.519116  0.0052703
3.523204  0.005255272
3.524019  0.005252277
3.52422  0.005251538
3.524434  0.005250752
3.524731  0.005249659
3.526916  0.005241628
3.527727  0.005238645
3.528998  0.005233974
3.530044  0.00523013
3.532196  0.00522222
3.533255  0.005218325
3.5361  0.005207866
3.536527  0.005206298
3.537272  0.005203561
3.543433  0.005180913
3.549377  0.005159063
3.551815  0.0051501
3.555946  0.005134915
3.556539  0.005132737
3.556728  0.005132043
3.562137  0.005112161
3.562242  0.005111775
3.563481  0.005107218
3.567021  0.005094208
3.567513  0.005092398
3.568646  0.005088232
3.570823  0.005080231
3.571357  0.005078268
3.573266  0.005071252
3.575713  0.005062257
3.576611  0.005058956
3.577977  0.005053933
3.578176  0.005053201
3.581415  0.005041296
3.586288  0.005023383
3.596715  0.004985056
3.59704  0.00498386
3.602121  0.004965185
3.602335  0.004964398
3.610828  0.004933178
3.611377  0.004931161
3.611667  0.004930094
3.612358  0.004927552
3.612675  0.004926388
3.61495  0.004918025
3.619207  0.004902379
3.620254  0.004898529
3.623016  0.004888377
3.626655  0.004874999
3.632484  0.004853573
3.633905  0.004848351
3.635912  0.004840972
3.640684  0.004823432
3.648897  0.004796998
3.649743  0.004795421
3.653587  0.004788261
3.656632  0.004782589
3.657144  0.004781636
3.657913  0.004780204
3.658767  0.004778613
3.661871  0.004772831
3.665777  0.004765555
3.666886  0.00476349
3.669603  0.00475843
3.669722  0.004758208
3.672465  0.004753098
3.675549  0.004747354
3.683093  0.004733302
3.683533  0.004732483
3.683681  0.004732207
3.687191  0.004725669
3.687704  0.004724713
3.690988  0.004718597
3.691612  0.004717435
3.69575  0.004709726
3.700845  0.004700236
3.70107  0.004699818
3.701119  0.004699726
3.70141  0.004699184
3.703351  0.004695569
3.70458  0.004693278
3.70508  0.004692348
3.708719  0.00468557
3.717212  0.00466975
3.718026  0.004668235
3.718035  0.004668218
3.722095  0.004660655
3.727316  0.00465093
3.730031  0.004645873
3.73118  0.004643733
3.73496  0.004636691
3.737435  0.004632081
3.738202  0.004630654
3.738954  0.004629252
3.744555  0.00461882
3.747075  0.004614126
3.748136  0.004612149
3.749233  0.004610106
3.752049  0.00460486
3.75418  0.004600891
3.758248  0.004593314
3.758274  0.004593266
3.762654  0.004585107
3.765119  0.004580516
3.765164  0.004580432
3.765356  0.004580074
3.766111  0.004578669
3.766873  0.004577249
3.769294  0.004572739
3.769443  0.004572462
3.769828  0.004571744
3.770561  0.00457038
3.772537  0.004566699
3.773517  0.004564874
3.776917  0.004558541
3.781584  0.004549847
3.785924  0.004541764
3.78773  0.0045384
3.788744  0.00453651
3.79012  0.004533947
3.791209  0.00453192
3.791702  0.004531001
3.791812  0.004530796
3.793922  0.004526866
3.795916  0.004523152
3.797491  0.004520218
3.797939  0.004519384
3.800686  0.004514268
3.807491  0.004501592
3.808612  0.004499503
3.81038  0.00449621
3.813694  0.004490037
3.818188  0.004481667
3.819735  0.004478784
3.8202  0.004477919
3.822945  0.004472806
3.823349  0.004472053
3.82344  0.004471884
3.830272  0.004459158
3.831767  0.004456373
3.838704  0.004443453
3.840756  0.004439631
3.843034  0.004435387
3.847263  0.004427511
3.850452  0.00442157
3.851013  0.004420525
3.853223  0.004416409
3.854684  0.004413687
3.855632  0.004411922
3.860062  0.004403671
3.861659  0.004400696
3.870476  0.004384273
3.873491  0.004378657
3.880002  0.004366528
3.880319  0.004365938
3.880563  0.004365484
3.881109  0.004364466
3.885971  0.004355411
3.887656  0.004352272
3.88928  0.004349246
3.891578  0.004344967
3.89177  0.004344609
3.891808  0.004344537
3.895398  0.004337852
3.895765  0.004337168
3.89717  0.004334551
3.899113  0.004330932
3.901666  0.004326176
3.902524  0.004324578
3.904294  0.00432128
3.905134  0.004319717
3.906325  0.004317499
3.906538  0.004317101
3.906667  0.004316862
3.911085  0.004308633
3.912919  0.004305215
3.915675  0.004300081
3.916506  0.004298535
3.916876  0.004297846
3.917265  0.004297121
3.920007  0.004292013
3.922154  0.004288014
3.922378  0.004287597
3.924766  0.004283148
3.936637  0.004261037
3.940179  0.004254439
3.942189  0.004250695
3.946826  0.004242059
3.94879  0.0042384
3.949859  0.00423641
3.951495  0.004233362
3.956834  0.004223417
3.957758  0.004221696
3.958819  0.00421972
3.960426  0.004216726
3.96045  0.004216681
3.964146  0.004209797
3.967678  0.004203218
3.969112  0.004200548
3.969577  0.004199682
3.974152  0.004191159
3.974982  0.004189614
3.97642  0.004186936
3.976683  0.004186446
3.977407  0.004185097
3.978032  0.004183933
3.979952  0.004180357
3.983986  0.004172843
3.984024  0.004172772
3.985339  0.004170322
3.986061  0.004168977
3.986645  0.00416789
3.987562  0.004166182
3.988065  0.004165244
3.989502  0.004162568
3.991719  0.004158439
3.994212  0.004153795
3.996323  0.004149863
3.996867  0.004148849
3.999661  0.004143646
4.000848  0.004141435
4.00222  0.004138879
4.006535  0.004130842
4.006611  0.0041307
4.013809  0.004117293
4.017873  0.004109722
4.018385  0.004108769
4.019681  0.004106355
4.020049  0.004105669
4.021143  0.004103631
4.022928  0.004100307
4.024211  0.004097918
4.025562  0.004095401
4.026878  0.004092949
4.027544  0.004091709
4.02894  0.004089108
4.032847  0.004081831
4.034047  0.004079597
4.036352  0.004075302
4.037884  0.004072449
4.040236  0.004068069
4.042344  0.004064142
4.043638  0.004061732
4.044425  0.004060266
4.05762  0.004035688
4.060165  0.004030948
4.064162  0.004023503
4.067927  0.004016489
4.070821  0.004011099
4.072184  0.004008561
4.074678  0.004003914
4.076684  0.004000178
4.077794  0.00399811
4.079545  0.003994849
4.080132  0.003993756
4.081782  0.003990683
4.083533  0.003987551
4.083981  0.003987007
4.087689  0.003982508
4.08853  0.003981487
4.08956  0.003980237
4.091013  0.003978474
4.091292  0.003978135
4.091294  0.003978134
4.091504  0.003977878
4.091644  0.003977708
4.091667  0.003977681
4.094888  0.003973773
4.096723  0.003971545
4.099295  0.003968424
4.105623  0.003960746
4.105948  0.003960351
4.106331  0.003959887
4.111905  0.003953123
4.112241  0.003952715
4.114728  0.003949697
4.115862  0.003948321
4.115996  0.003948159
4.116053  0.00394809
4.121308  0.003941712
4.121325  0.003941693
4.122638  0.003940099
4.12287  0.003939818
4.12323  0.003939381
4.12562  0.003936481
4.125804  0.003936257
4.12988  0.003931311
4.136257  0.003923573
4.140158  0.00391884
4.142579  0.003915901
4.152044  0.003904417
4.155684  0.0039
4.155864  0.003899781
4.156416  0.003899112
4.157127  0.003898249
4.163499  0.003890516
4.164856  0.003888871
4.164978  0.003888723
4.167287  0.00388592
4.172229  0.003879924
4.175433  0.003876036
4.17762  0.003873382
4.179038  0.00387166
4.184829  0.003864634
4.185964  0.003863257
4.187578  0.003861298
4.188244  0.003860491
4.189947  0.003858423
4.194354  0.003853076
4.194479  0.003852925
4.197171  0.003849658
4.198328  0.003848254
4.198442  0.003848115
4.202802  0.003842824
4.205742  0.003839258
4.207371  0.003837281
4.208281  0.003836176
4.209039  0.003835257
4.213912  0.003829343
4.21753  0.003824953
4.217839  0.003824579
4.220761  0.003821033
4.220946  0.003820808
4.228114  0.003812111
4.232224  0.003807123
4.233398  0.003805699
4.234694  0.003804126
4.241268  0.003796149
4.242519  0.00379463
4.243013  0.003794031
4.244304  0.003792464
4.24455  0.003792167
4.247808  0.003788213
4.252173  0.003782916
4.252674  0.003782309
4.25807  0.00377576
4.262406  0.003770499
4.262747  0.003770086
4.262915  0.003769881
4.265467  0.003766785
4.265871  0.003766294
4.266379  0.003765678
4.267337  0.003764516
4.267376  0.003764469
4.271818  0.003759079
4.271882  0.003759001
4.277707  0.003751932
4.277734  0.0037519
4.278639  0.003750802
4.279446  0.003749822
4.283718  0.003744638
4.29074  0.003736117
4.291482  0.003735217
4.293702  0.003732523
4.293928  0.003732249
4.295116  0.003730808
4.295131  0.003730789
4.296652  0.003728943
4.300285  0.003724536
4.309278  0.003713623
4.310185  0.003712522
4.316294  0.003705109
4.318596  0.003702316
4.321982  0.003698207
4.322396  0.003697705
4.324686  0.003694926
4.327239  0.003691828
4.340466  0.003675777
4.345879  0.003669209
4.347154  0.003667662
4.353705  0.003659714
4.354173  0.003659145
4.357725  0.003654835
4.358893  0.003653418
4.35949  0.003652693
4.360035  0.003652032
4.361067  0.003650779
4.362025  0.003649617
4.362525  0.00364901
4.364266  0.003646897
4.365038  0.003645961
4.36609  0.003644685
4.366582  0.003644087
4.369971  0.003639975
4.371375  0.003638272
4.37209  0.003637404
4.373002  0.003636297
4.37837  0.003629784
4.379177  0.003628805
4.380801  0.003626834
4.382968  0.003624204
4.385952  0.003620583
4.386061  0.003620451
4.387404  0.003618821
4.389364  0.003616443
4.392579  0.003612542
4.393811  0.003611047
4.394496  0.003610216
4.395181  0.003609385
4.403168  0.003599693
4.404375  0.003598228
4.407672  0.003594228
4.408502  0.003593221
4.410005  0.003591397
4.410062  0.003591327
4.411375  0.003589734
4.413618  0.003587012
4.413627  0.003587001
4.414154  0.003586362
4.414618  0.003585799
4.417963  0.00358174
4.418265  0.003581374
4.419323  0.00358009
4.420018  0.003579246
4.421978  0.003576868
4.424014  0.003574397
4.42842  0.003569051
4.429775  0.003567407
4.430362  0.003566694
4.430645  0.003566351
4.43134  0.003565507
4.43686  0.003558809
4.446654  0.003546925
4.44885  0.003544261
4.456774  0.003534646
4.463024  0.003527062
4.463161  0.003526895
4.465101  0.003524541
4.465456  0.00352411
4.46978  0.003518863
4.469846  0.003518783
4.470775  0.003517656
4.472567  0.003515481
4.472786  0.003515215
4.473432  0.003514432
4.476858  0.003510275
4.479122  0.003507527
4.481043  0.003505197
4.482083  0.003503934
4.484686  0.003500775
4.485784  0.003499443
4.488148  0.003496575
4.489332  0.003495139
4.489834  0.003494529
4.491415  0.00349261
4.493011  0.003490674
4.493287  0.003490338
4.494091  0.003489363
4.494918  0.00348836
4.497133  0.003485672
4.503679  0.003477729
4.504147  0.003477161
4.504438  0.003476808
4.504442  0.003476803
4.506692  0.003474073
4.50831  0.003472109
4.510894  0.003468974
4.511498  0.003468241
4.513796  0.003465453
4.515524  0.003463355
4.515569  0.0034633
4.515935  0.003462856
4.521724  0.003455832
4.521957  0.00345555
4.523149  0.003454586
4.52669  0.003452357
4.530779  0.003449783
4.530982  0.003449655
4.532115  0.003448942
4.532393  0.003448766
4.538176  0.003445126
4.53912  0.003444531
4.541556  0.003442998
4.541891  0.003442787
4.542798  0.003442216
4.546507  0.003439881
4.550537  0.003437343
4.552571  0.003436063
4.553247  0.003435638
4.553361  0.003435566
4.556644  0.003433499
4.559174  0.003431906
4.567357  0.003426754
4.573583  0.003422835
4.577406  0.003420428
4.584351  0.003416055
4.585006  0.003415643
4.586137  0.003414931
4.586569  0.003414659
4.601613  0.003405187
4.602277  0.00340477
4.610522  0.003399579
4.613136  0.003397933
4.615981  0.003396142
4.616281  0.003395953
4.616997  0.003395502
4.618392  0.003394624
4.618527  0.003394539
4.620493  0.003393301
4.622981  0.003391735
4.623276  0.00339155
4.624075  0.003391046
4.624564  0.003390738
4.624631  0.003390697
4.626176  0.003389723
4.626824  0.003389315
4.627368  0.003388973
4.631608  0.003386303
4.635038  0.003384144
4.636312  0.003383342
4.637817  0.003382395
4.637833  0.003382384
4.639084  0.003381597
4.640327  0.003380814
4.645713  0.003377423
4.64576  0.003377394
4.645791  0.003377374
4.647211  0.003376481
4.648252  0.003375825
4.64981  0.003374844
4.651077  0.003374047
4.654629  0.00337181
4.656675  0.003370522
4.661558  0.003367448
4.663317  0.003366341
4.664182  0.003365796
4.666459  0.003364363
4.667468  0.003363728
4.67015  0.003362039
4.673812  0.003359734
4.674801  0.003359111
4.67653  0.003358022
4.678112  0.003357026
4.681938  0.003354617
4.682709  0.003354132
4.685851  0.003352154
4.686199  0.003351935
4.691685  0.003348481
4.693686  0.003347221
4.69395  0.003347055
4.694619  0.003346634
4.695949  0.003345796
4.696264  0.003345598
4.700824  0.003342727
4.706054  0.003339435
4.706853  0.003338932
4.706975  0.003338855
4.712483  0.003335387
4.71375  0.00333459
4.715748  0.003333332
4.717974  0.003331931
4.718612  0.003331529
4.721466  0.003329732
4.724176  0.003328025
4.7262  0.003326752
4.731044  0.003323702
4.733705  0.003322026
4.734134  0.003321756
4.737815  0.003319439
4.737929  0.003319368
4.738176  0.003319212
4.743084  0.003316121
4.746518  0.00331396
4.748486  0.003312721
4.748961  0.003312422
4.754324  0.003309045
4.756962  0.003307385
4.757516  0.003307036
4.759953  0.003305502
4.763608  0.003303201
4.763794  0.003303084
4.766537  0.003301356
4.766616  0.003301307
4.768566  0.003300079
4.769207  0.003299676
4.771224  0.003298406
4.773928  0.003296703
4.776655  0.003294986
4.777247  0.003294613
4.778597  0.003293764
4.778622  0.003293748
4.77918  0.003293397
4.779621  0.003293119
4.780148  0.003292787
4.783911  0.003290418
4.786007  0.003289099
4.789842  0.003286684
4.793034  0.003284674
4.794156  0.003283968
4.794614  0.00328368
4.799023  0.003280904
4.802286  0.00327885
4.803085  0.003278347
4.804278  0.003277596
4.804529  0.003277438
4.804997  0.003277143
4.809246  0.003274468
4.810203  0.003273866
4.811209  0.003273232
4.813333  0.003271895
4.81677  0.003269731
4.816835  0.00326969
4.818447  0.003268676
4.823816  0.003265295
4.826808  0.003263412
4.827429  0.003263021
4.828207  0.003262531
4.828959  0.003262058
4.829049  0.003262001
4.834234  0.003258736
4.835495  0.003257942
4.836456  0.003257337
4.843687  0.003252785
4.844272  0.003252417
4.845795  0.003251458
4.847447  0.003250418
4.848325  0.003249865
4.850262  0.003248646
4.850598  0.003248434
4.857383  0.003244163
4.858526  0.003243443
4.858955  0.003243173
4.859471  0.003242848
4.86219  0.003241136
4.862592  0.003240883
4.864927  0.003239413
4.868276  0.003237305
4.873468  0.003234036
4.87391  0.003233758
4.877477  0.003231512
4.87951  0.003230232
4.880412  0.003229664
4.88599  0.003226153
4.891398  0.003222748
4.892688  0.003221936
4.903624  0.003215051
4.904648  0.003214406
4.906072  0.00321351
4.906261  0.00321339
4.907125  0.003212847
4.907525  0.003212595
4.910996  0.00321041
4.914576  0.003208156
4.916091  0.003207202
4.916186  0.003207142
4.920014  0.003204732
4.921045  0.003204083
4.924056  0.003202187
4.925123  0.003201516
4.927106  0.003200267
4.928366  0.003199474
4.929834  0.003198549
4.935846  0.003194765
4.936567  0.003194311
4.937098  0.003193976
4.937204  0.00319391
4.944319  0.00318943
4.952036  0.003184572
4.955143  0.003182616
4.955189  0.003182587
4.955844  0.003182175
4.95683  0.003181554
4.957096  0.003181386
4.963335  0.003177458
4.974807  0.003170236
4.977566  0.003168499
4.977573  0.003168495
4.978235  0.003168078
4.980253  0.003166807
4.981798  0.003165834
4.982631  0.00316531
4.983461  0.003164788
4.98414  0.00316436
4.985228  0.003163675
4.986488  0.003162882
4.987958  0.003161956
4.989791  0.003160802
4.995121  0.003157447
4.997626  0.00315587
4.998097  0.003155573
4.998638  0.003155232
5.001505  0.003153428
5.005346  0.00315101
5.010138  0.003147992
5.011342  0.003147235
5.013014  0.003146182
5.014126  0.003145482
5.014595  0.003145187
5.016104  0.003144237
5.016519  0.003143975
5.017814  0.00314316
5.021391  0.003140908
5.023835  0.003139369
5.02444  0.003138988
5.024457  0.003138978
5.026517  0.003137681
5.028254  0.003136587
5.028373  0.003136512
5.03067  0.003135066
5.03293  0.003133644
5.032995  0.003133602
5.035324  0.003132136
5.038408  0.003130195
5.045202  0.003125917
5.045981  0.003125427
5.046502  0.003125099
5.049824  0.003123008
5.050323  0.003122694
5.05116  0.003122287
5.053356  0.003121372
5.058173  0.003119366
5.058218  0.003119347
5.059416  0.003118849
5.059787  0.003118694
5.063238  0.003117257
5.064968  0.003116536
5.065293  0.003116401
5.065423  0.003116347
5.066443  0.003115922
5.066733  0.003115802
5.067602  0.003115439
5.067869  0.003115329
5.068272  0.003115161
5.072019  0.0031136
5.075422  0.003112183
5.075562  0.003112125
5.079551  0.003110464
5.079852  0.003110338
5.08209  0.003109406
5.089366  0.003106376
5.094667  0.003104169
5.09624  0.003103514
5.097974  0.003102791
5.101838  0.003101182
5.102089  0.003101078
5.103361  0.003100548
5.106731  0.003099145
5.107263  0.003098923
5.108196  0.003098535
5.108413  0.003098444
5.114729  0.003095814
5.11837  0.003094298
5.121136  0.003093146
5.122368  0.003092633
5.122921  0.003092403
5.123776  0.003092047
5.128224  0.003090194
5.132746  0.003088311
5.132909  0.003088243
5.134187  0.003087711
5.136481  0.003086756
5.137298  0.003086416
5.137876  0.003086175
5.13946  0.003085515
5.143711  0.003083745
5.150197  0.003081044
5.154492  0.003079256
5.156588  0.003078383
5.156786  0.0030783
5.158625  0.003077534
5.16045  0.003076774
5.164607  0.003075043
5.166153  0.003074399
5.170342  0.003072655
5.171793  0.003072051
5.175596  0.003070467
5.179079  0.003069016
5.17958  0.003068808
5.180236  0.003068534
5.180707  0.003068339
5.184225  0.003066874
5.191857  0.003063695
5.197631  0.003061291
5.19877  0.003060816
5.198838  0.003060788
5.199417  0.003060547
5.203043  0.003059037
5.209732  0.003056251
5.210115  0.003056092
5.212138  0.003055249
5.213412  0.003054719
5.216604  0.00305339
5.219201  0.003052308
5.22428  0.003050193
5.224795  0.003049978
5.225434  0.003049713
5.225742  0.003049584
5.226596  0.003049228
5.230752  0.003047498
5.232185  0.003046901
5.233818  0.003046221
5.238924  0.003044095
5.240008  0.003043643
5.24766  0.003040457
5.249537  0.003039675
5.250062  0.003039456
5.251328  0.003038929
5.252859  0.003038292
5.25776  0.003036251
5.259337  0.003035594
5.260413  0.003035146
5.265461  0.003033044
5.266039  0.003032803
5.266752  0.003032506
5.267356  0.003032255
5.267585  0.003032159
5.269273  0.003031456
5.26988  0.003031203
5.274261  0.003029379
5.275005  0.003029069
5.283938  0.003025349
5.284337  0.003025183
5.284872  0.00302496
5.285181  0.003024832
5.285484  0.003024705
5.28749  0.00302387
5.288427  0.00302348
5.292213  0.003021903
5.292267  0.003021881
5.297448  0.003019723
5.297863  0.00301955
5.301553  0.003018014
5.306627  0.0030159
5.307117  0.003015697
5.307468  0.00301555
5.309882  0.003014545
5.31183  0.003013734
5.312261  0.003013554
5.312652  0.003013391
5.313622  0.003012988
5.313682  0.003012963
5.31472  0.00301253
5.317399  0.003011415
5.31806  0.003011139
5.318979  0.003010757
5.319138  0.003010691
5.321984  0.003009505
5.328369  0.003006846
5.335417  0.003003911
5.335435  0.003003904
5.336035  0.003003654
5.336858  0.003003311
5.337262  0.003003143
5.339405  0.00300225
5.343928  0.003000367
5.345115  0.002999873
5.349904  0.002997878
5.354791  0.002995843
5.355715  0.002995459
5.366302  0.00299105
5.367253  0.002990654
5.368038  0.002990327
5.368695  0.002990053
5.370456  0.00298932
5.374629  0.002987582
5.378243  0.002986077
5.378757  0.002985863
5.38095  0.00298495
5.386322  0.002982713
5.389735  0.002981291
5.389846  0.002981245
5.390297  0.002981057
5.393055  0.002979909
5.39311  0.002979886
5.394774  0.002979193
5.398862  0.002977491
5.399563  0.002977198
5.399802  0.002977099
5.404977  0.002974944
5.413812  0.002971265
5.413907  0.002971225
5.417293  0.002969815
5.421406  0.002968102
5.42217  0.002967784
5.425926  0.00296622
5.426175  0.002966116
5.430227  0.002964429
5.432289  0.00296357
5.432866  0.00296333
5.435335  0.002962302
5.437682  0.002961324
5.439482  0.002960575
5.441336  0.002959803
5.447994  0.00295703
5.449488  0.002956408
5.450201  0.002956111
5.451128  0.002955725
5.452271  0.002955249
5.4582  0.00295278
5.458802  0.002952529
5.459562  0.002952213
5.460015  0.002952024
5.462863  0.002950838
5.46646  0.00294934
5.4716  0.0029472
5.474943  0.002945807
5.474974  0.002945795
5.477927  0.002944565
5.481311  0.002943156
5.481426  0.002943108
5.482313  0.002942739
5.484392  0.002941873
5.488194  0.002940289
5.488889  0.00294
5.489852  0.002939599
5.490218  0.002939446
5.496943  0.002936646
5.498319  0.002936073
5.498913  0.002935825
5.499268  0.002935678
5.501517  0.002934741
5.501599  0.002934707
5.504151  0.002933644
5.50516  0.002933224
5.506101  0.002932832
5.50741  0.002932287
5.510475  0.002931011
5.516517  0.002928495
5.51795  0.002927898
5.518909  0.002927498
5.518946  0.002927483
5.520415  0.002926871
5.520649  0.002926774
5.528119  0.002923663
5.52859  0.002923467
5.530673  0.002922599
5.540681  0.002918432
5.540824  0.002918372
5.542535  0.00291766
5.54282  0.002917541
5.545162  0.002916566
5.545786  0.002916306
5.548942  0.002914991
5.549795  0.002914636
5.552381  0.002913559
5.552498  0.00291351
5.552964  0.002913316
5.553986  0.002912891
5.555883  0.002912101
5.557311  0.002911506
5.557806  0.0029113
5.558058  0.002911195
5.559274  0.002910689
5.559616  0.002910547
5.56175  0.002909658
5.563462  0.002908945
5.565467  0.00290811
5.57142  0.002905631
5.572117  0.002905341
5.573774  0.002904651
5.574162  0.002904489
5.577962  0.002902906
5.5787  0.002902599
5.581458  0.002901451
5.584209  0.002900305
5.590419  0.002897719
5.591211  0.002897389
5.595556  0.00289558
5.596984  0.002894985
5.598573  0.002894323
5.60012  0.002893523
5.601182  0.002892964
5.605246  0.002890823
5.607015  0.002889891
5.612007  0.002887261
5.613269  0.002886597
5.621175  0.002882431
5.621238  0.002882399
5.621316  0.002882357
5.622766  0.002881594
5.622783  0.002881584
5.623165  0.002881383
5.623988  0.00288095
5.625705  0.002880045
5.625888  0.002879949
5.627012  0.002879356
5.633222  0.002876085
5.633991  0.00287568
5.634543  0.002875389
5.638434  0.002873339
5.638788  0.002873153
5.639254  0.002872907
5.646958  0.002868849
5.648463  0.002868056
5.659039  0.002862485
5.663518  0.002860125
5.663934  0.002859906
5.664474  0.002859621
5.666433  0.002858589
5.672752  0.002855261
5.673439  0.002854899
5.673828  0.002854694
5.67406  0.002854572
5.675657  0.00285373
5.677878  0.00285256
5.682951  0.002849888
5.683937  0.002849369
5.687913  0.002847274
5.689942  0.002846205
5.693735  0.002844207
5.693917  0.002844111
5.694193  0.002843965
5.695935  0.002843048
5.697492  0.002842228
5.69765  0.002842145
5.701558  0.002840086
5.704347  0.002838616
5.705072  0.002838234
5.705935  0.00283778
5.708939  0.002836197
5.712464  0.00283434
5.724484  0.002828008
5.729987  0.002825109
5.73006  0.002825071
5.731517  0.002824303
5.735167  0.00282238
5.735353  0.002822282
5.736288  0.00282179
5.737447  0.002821179
5.739608  0.002820041
5.740209  0.002819724
5.741963  0.0028188
5.744345  0.002817545
5.745148  0.002817122
5.747182  0.002816051
5.749984  0.002814575
5.753113  0.002812926
5.756746  0.002811013
5.757761  0.002810477
5.758949  0.002809852
5.760043  0.002809275
5.760332  0.002809123
5.765058  0.002806633
5.771606  0.002803184
5.774491  0.002801664
5.779981  0.002798772
5.78307  0.002797145
5.783238  0.002797056
5.789348  0.002793837
5.790357  0.002793306
5.805927  0.002785104
5.811283  0.002782282
5.812525  0.002781628
5.81774  0.00277888
5.818287  0.002778592
5.818733  0.002778357
5.819339  0.002778038
5.819931  0.002777726
5.821291  0.00277701
5.821954  0.00277666
5.827204  0.002773895
5.828855  0.002773025
5.829173  0.002772857
5.831203  0.002771788
5.831854  0.002771445
5.832049  0.002771343
5.837103  0.00276868
5.837242  0.002768607
5.839018  0.002767671
5.840233  0.002767031
5.846338  0.002763815
5.847628  0.002763135
5.848958  0.002762435
5.849492  0.002762153
5.851131  0.00276129
5.85147  0.002761112
5.854007  0.002759775
5.858218  0.002757557
5.858782  0.002757259
5.869183  0.00275178
5.872589  0.002749986
5.874932  0.002748752
5.878292  0.002746981
5.881032  0.002745538
5.882858  0.002744576
5.886422  0.002742699
5.888593  0.002741555
5.889352  0.002741155
5.89101  0.002740282
5.89121  0.002740176
5.891211  0.002740175
5.89243  0.002739533
5.894356  0.002738519
5.896031  0.002737636
5.896739  0.002737264
5.897866  0.00273667
5.898444  0.002736365
5.899187  0.002735974
5.900007  0.002735542
5.904936  0.002732945
5.908808  0.002730905
5.910978  0.002729762
5.911808  0.002729325
5.914908  0.002727884
5.918474  0.002726569
5.918964  0.002726388
5.919238  0.002726287
5.923379  0.00272476
5.923723  0.002724633
5.924906  0.002724197
5.927098  0.002723389
5.929134  0.002722637
5.931858  0.002721633
5.935157  0.002720416
5.936793  0.002719813
5.938227  0.002719284
5.940033  0.002718618
5.942545  0.002717691
5.943195  0.002717451
5.947702  0.002715789
5.948109  0.002715639
5.948211  0.002715601
5.951627  0.002714342
5.956068  0.002712704
5.959425  0.002711466
5.959842  0.002711312
5.963084  0.002710116
5.966058  0.002709019
5.967249  0.00270858
5.967936  0.002708326
5.970445  0.002707401
5.972519  0.002706636
5.97441  0.002705939
5.976047  0.002705335
5.977973  0.002704625
5.978032  0.002704603
5.979417  0.002704092
5.981  0.002703508
5.982427  0.002702982
5.982585  0.002702924
5.983708  0.002702509
5.985195  0.002701961
5.988193  0.002700855
5.988848  0.002700614
5.989  0.002700558
5.989354  0.002700427
5.990168  0.002700127
5.994532  0.002698517
5.997062  0.002697584
5.998485  0.002697059
6.002928  0.002695421
6.006777  0.002694001
6.006833  0.00269398
6.007642  0.002693682
6.007847  0.002693606
6.008161  0.002693491
6.009162  0.002693121
6.012787  0.002691784
6.013675  0.002691457
6.015835  0.00269066
6.016604  0.002690377
6.019088  0.002689461
6.022693  0.002688131
6.030708  0.002685175
6.031895  0.002684737
6.033636  0.002684095
6.035549  0.00268339
6.037795  0.002682561
6.038361  0.002682352
6.03912  0.002682073
6.042188  0.002680941
6.04262  0.002680782
6.04473  0.002680003
6.045342  0.002679777
6.047637  0.002678931
6.050416  0.002677906
6.050531  0.002677864
6.051495  0.002677508
6.052482  0.002677144
6.053893  0.002676624
6.054158  0.002676526
6.057536  0.00267528
6.058833  0.002674802
6.062716  0.00267337
6.06578  0.00267224
6.067696  0.002671533
6.070211  0.002670605
6.075535  0.002668642
6.076101  0.002668433
6.084787  0.002665229
6.086224  0.002664699
6.088543  0.002663844
6.090916  0.002662969
6.091279  0.002662835
6.095292  0.002661355
6.098883  0.002660031
6.099273  0.002659887
6.100391  0.002659474
6.105529  0.002657579
6.106974  0.002657046
6.10792  0.002656697
6.120267  0.002652144
6.123426  0.002650978
6.125179  0.002650332
6.125345  0.002650271
6.12747  0.002649487
6.127821  0.002649358
6.12896  0.002648937
6.131128  0.002648138
6.134114  0.002647037
6.138205  0.002645528
6.141165  0.002644436
6.14567  0.002642775
6.149444  0.002641382
6.149913  0.00264121
6.154937  0.002639357
6.155626  0.002639102
6.159759  0.002637578
6.160392  0.002637345
6.16097  0.002637132
6.166759  0.002634996
6.170567  0.002633592
6.172859  0.002632746
6.174452  0.002632159
6.174922  0.002631986
6.176832  0.002631281
6.177814  0.002630919
6.179935  0.002630137
6.181839  0.002629435
6.187125  0.002627485
6.187837  0.002627223
6.187936  0.002627186
6.19074  0.002626152
6.190871  0.002626103
6.202015  0.002621993
6.204069  0.002621236
6.204463  0.00262109
6.209125  0.002619371
6.211633  0.002618446
6.21197  0.002618322
6.216385  0.002616693
6.21709  0.002616433
6.221119  0.002614947
6.224195  0.002613813
6.225525  0.002613322
6.225534  0.002613319
6.226021  0.002613139
6.226208  0.002613071
6.227442  0.002612615
6.232577  0.002610721
6.232654  0.002610693
6.235987  0.002609464
6.240911  0.002607648
6.242362  0.002607113
6.243531  0.002606681
6.244435  0.002606348
6.247395  0.002605256
6.249879  0.00260434
6.250115  0.002604253
6.255295  0.002602342
6.25564  0.002602215
6.256209  0.002602005
6.256366  0.002601947
6.257671  0.002601466
6.261261  0.002600142
6.263199  0.002599427
6.270687  0.002596666
6.281256  0.002592768
6.282961  0.002592139
6.284134  0.002591706
6.285446  0.002591222
6.286356  0.002590887
6.28687  0.002590697
6.288511  0.002590092
6.289196  0.002589839
6.28973  0.002589642
6.294587  0.002587851
6.295486  0.002587519
6.296257  0.002587235
6.297957  0.002586608
6.308957  0.002582551
6.309323  0.002582416
6.311882  0.002581472
6.312307  0.002581315
6.312678  0.002581178
6.312938  0.002581083
6.319269  0.002578747
6.326771  0.002575981
6.328021  0.00257552
6.328421  0.002575372
6.338515  0.002571808
6.340043  0.002571583
6.341888  0.002571312
6.342582  0.00257121
6.344805  0.002570882
6.346974  0.002570563
6.34909  0.002570251
6.355689  0.00256928
6.359586  0.002568706
6.362315  0.002568304
6.368169  0.002567443
6.370959  0.002567032
6.373244  0.002566696
6.377596  0.002566055
6.382208  0.002565376
6.384946  0.002564973
6.390693  0.002564127
6.392228  0.002563901
6.392753  0.002563823
6.393228  0.002563754
6.394103  0.002563625
6.398489  0.002562979
6.399503  0.00256283
6.400746  0.002562647
6.401273  0.002562569
6.406407  0.002561813
6.409709  0.002561327
6.410051  0.002561277
6.413676  0.002560743
6.414483  0.002560625
6.427569  0.002558698
6.430063  0.002558331
6.430092  0.002558327
6.435368  0.00255755
6.435448  0.002557538
6.435885  0.002557474
6.436782  0.002557342
6.437952  0.002557169
6.44116  0.002556697
6.441523  0.002556644
6.441526  0.002556643
6.443413  0.002556365
6.448092  0.002555677
6.449602  0.002555454
6.449752  0.002555432
6.452914  0.002554967
6.453176  0.002554928
6.458763  0.002554106
6.470951  0.002552311
6.471648  0.002552209
6.473632  0.002551917
6.474904  0.00255173
6.475568  0.002551632
6.47616  0.002551545
6.484852  0.002550265
6.486896  0.002549964
6.487914  0.002549814
6.489608  0.002549565
6.490628  0.002549415
6.490993  0.002549361
6.495948  0.002548631
6.499036  0.002548177
6.499497  0.002548109
6.503996  0.002547447
6.505515  0.002547223
6.511633  0.002546322
6.512095  0.002546254
6.513463  0.002546053
6.513782  0.002546006
6.514189  0.002545946
6.516098  0.002545665
6.516988  0.002545534
6.522488  0.002544724
6.525567  0.002544271
6.52949  0.002543694
6.529666  0.002543668
6.530473  0.002543549
6.532539  0.002543245
6.533144  0.002543156
6.537758  0.002542476
6.539741  0.002542184
6.54089  0.002542015
6.542449  0.002541786
6.546319  0.002541216
6.55032  0.002540627
6.5546  0.002539997
6.559097  0.002539335
6.559931  0.002539212
6.563182  0.002538734
6.573626  0.002537196
6.583664  0.002535718
6.585251  0.002535485
6.587476  0.002535157
6.587796  0.00253511
6.589652  0.002534837
6.59296  0.00253435
6.595294  0.002534006
6.602489  0.002532947
6.604052  0.002532717
6.61094  0.002531703
6.611413  0.002531633
6.613578  0.002531314
6.615509  0.00253103
6.616166  0.002530933
6.618516  0.002530588
6.620462  0.002530301
6.622013  0.002530073
6.622413  0.002530014
6.624857  0.002529654
6.625225  0.0025296
6.626643  0.002529391
6.630223  0.002528864
6.630767  0.002528784
6.631006  0.002528749
6.635084  0.002528148
6.636764  0.002527901
6.636884  0.002527883
6.637468  0.002527798
6.639435  0.002527508
6.642474  0.00252706
6.645366  0.002526635
6.647602  0.002526306
6.649328  0.002526052
6.64967  0.002526001
6.649888  0.002525969
6.650502  0.002525879
6.651488  0.002525734
6.652566  0.002525575
6.652843  0.002525534
6.656914  0.002524935
6.659655  0.002524531
6.659789  0.002524511
6.659857  0.002524501
6.660691  0.002524379
6.662973  0.002524043
6.663185  0.002524012
6.667404  0.00252339
6.668786  0.002523187
6.669776  0.002523041
6.671783  0.002522746
6.672399  0.002522655
6.672997  0.002522567
6.673311  0.002522521
6.673802  0.002522448
6.676948  0.002521985
6.680962  0.002521395
6.683164  0.00252107
6.683975  0.002520951
6.685306  0.002520755
6.688168  0.002520334
6.688343  0.002520308
6.691731  0.002519809
6.692138  0.002519749
6.694678  0.002519375
6.696039  0.002519175
6.697395  0.002518975
6.707591  0.002517474
6.708052  0.002517406
6.709375  0.002517212
6.712562  0.002516742
6.713644  0.002516583
6.713705  0.002516574
6.714327  0.002516483
6.714809  0.002516412
6.717529  0.002516011
6.717542  0.002516009
6.71884  0.002515818
6.719854  0.002515669
6.735503  0.002513365
6.738536  0.002512919
6.739173  0.002512825
6.740706  0.002512599
6.741525  0.002512479
6.741866  0.002512428
6.743254  0.002512224
6.744703  0.002512011
6.746014  0.002511818
6.746428  0.002511757
6.756491  0.002510275
6.762277  0.002509424
6.762784  0.002509349
6.764027  0.002509166
6.764123  0.002509152
6.766756  0.002508764
6.767339  0.002508678
6.767762  0.002508616
6.768698  0.002508478
6.77117  0.002508114
6.771179  0.002508113
6.7717  0.002508036
6.773056  0.002507837
6.773978  0.002507701
6.774836  0.002507459
6.783202  0.002504409
6.783676  0.002504236
6.783919  0.002504148
6.787917  0.00250269
6.792222  0.002501121
6.794779  0.002500188
6.795228  0.002500025
6.795824  0.002499807
6.796106  0.002499705
6.79712  0.002499335
6.798388  0.002498873
6.802341  0.002497431
6.80369  0.00249694
6.806078  0.002496069
6.806873  0.002495779
6.80856  0.002495164
6.809291  0.002494898
6.811906  0.002493944
6.812057  0.002493889
6.817201  0.002492013
6.818012  0.002491718
6.818175  0.002491658
6.818458  0.002491555
6.819394  0.002491214
6.825092  0.002489136
6.825275  0.00248907
6.82762  0.002488215
6.832241  0.00248653
6.837274  0.002484695
6.837473  0.002484623
6.845243  0.002481789
6.848645  0.002480549
6.852055  0.002479306
6.852209  0.00247925
6.853012  0.002478957
6.855538  0.002478036
6.855758  0.002477956
6.857819  0.002477204
6.857983  0.002477145
6.858044  0.002477122
6.860504  0.002476225
6.861479  0.00247587
6.863241  0.002475228
6.864687  0.0024747
6.865132  0.002474538
6.867135  0.002473808
6.867947  0.002473512
6.868386  0.002473352
6.87174  0.002472129
6.879458  0.002469315
6.88279  0.0024681
6.883014  0.002468018
6.883517  0.002467835
6.88433  0.002467539
6.886564  0.002466724
6.887297  0.002466457
6.887371  0.00246643
6.890976  0.002465116
6.891892  0.002464781
6.892181  0.002464676
6.894853  0.002463702
6.901072  0.002461435
6.901389  0.002461319
6.907828  0.002458972
6.914204  0.002456647
6.914751  0.002456448
6.917651  0.00245539
6.925188  0.002452642
6.92539  0.002452569
6.925463  0.002452542
6.927545  0.002451783
6.933046  0.002449777
6.934955  0.002449081
6.936738  0.002448431
6.937542  0.002448138
6.940184  0.002447175
6.941714  0.002446617
6.94362  0.002445922
6.951654  0.002442993
6.9521  0.00244283
6.953591  0.002442287
6.956092  0.002441375
6.958896  0.002440353
6.96024  0.002439862
6.961127  0.002439539
6.970042  0.002436289
6.971677  0.002435693
6.975209  0.002434405
6.978196  0.002433316
6.979886  0.0024327
6.980236  0.002432572
6.981567  0.002432087
6.984335  0.002431078
6.98632  0.002430354
6.987204  0.002430032
6.987769  0.002429826
6.988947  0.002429396
6.991286  0.002428543
6.998237  0.002426009