1.205122  0.005503723
1.207609  0.005472108
1.208515  0.005460605
1.208902  0.005455688
1.210518  0.005435149
1.210844  0.005431002
1.212461  0.005410447
1.212466  0.005410392
1.213064  0.005402784
1.213197  0.005401104
1.213603  0.005395942
1.216628  0.00535749
1.218247  0.005336922
1.22061  0.00530689
1.220722  0.005305465
1.222776  0.005279365
1.223591  0.005269
1.223651  0.005268237
1.225437  0.005245547
1.225637  0.005242999
1.225702  0.005242174
1.226612  0.005230616
1.227499  0.005219347
1.230728  0.005178301
1.231194  0.005172382
1.232152  0.00516021
1.23234  0.005157817
1.232603  0.005154481
1.233157  0.005147438
1.234438  0.005131157
1.236179  0.005109033
1.236692  0.005102514
1.236737  0.005101938
1.237143  0.005096783
1.237579  0.005091234
1.2382  0.005083346
1.238222  0.005083066
1.238494  0.005079612
1.239144  0.005071356
1.24058  0.005053104
1.241833  0.005037173
1.242064  0.005034236
1.242446  0.005029386
1.24266  0.005026662
1.243156  0.00502036
1.246383  0.004979351
1.248051  0.004958154
1.248577  0.004951468
1.249264  0.004942742
1.249479  0.004940001
1.249556  0.004939033
1.251251  0.004917485
1.251666  0.004912212
1.25216  0.004905933
1.252468  0.004902019
1.253035  0.004894812
1.253339  0.004890946
1.253564  0.004888097
1.257875  0.004833309
1.258739  0.004822328
1.260349  0.004801871
1.261411  0.004788362
1.261556  0.004786524
1.26172  0.004784435
1.263718  0.004760322
1.264531  0.004752686
1.266767  0.004731678
1.268056  0.004719568
1.268725  0.004713276
1.269348  0.004707428
1.269901  0.004702227
1.27048  0.004696785
1.270578  0.004695868
1.271996  0.004682546
1.274205  0.004661788
1.27595  0.004645392
1.277777  0.004628229
1.278349  0.004622852
1.278944  0.004617265
1.280339  0.004604153
1.280721  0.004600565
1.283679  0.00457277
1.283958  0.004570153
1.284119  0.004568638
1.284289  0.004567041
1.285369  0.00455689
1.288264  0.004529691
1.288771  0.004524928
1.288985  0.004522917
1.293206  0.004483262
1.296095  0.004456116
1.296932  0.004448245
1.297754  0.004440523
1.298158  0.004436725
1.298799  0.004430707
1.299973  0.004419679
1.29998  0.004419609
1.300763  0.004412251
1.302665  0.004394382
1.30394  0.004382405
1.304261  0.004379389
1.304707  0.0043752
1.30488  0.004373571
1.306635  0.004357076
1.307422  0.004349687
1.308341  0.004341052
1.31092  0.004316816
1.310967  0.004316381
1.311749  0.004309025
1.312159  0.00430518
1.314278  0.004285269
1.316567  0.004263758
1.318682  0.004243885
1.319206  0.004238961
1.321395  0.004218399
1.321519  0.004217236
1.321757  0.004214994
1.321994  0.004212767
1.322071  0.00421205
1.322421  0.004208757
1.323604  0.004197639
1.323836  0.004195463
1.324635  0.004187954
1.325438  0.004180408
1.326343  0.004171903
1.328779  0.004149021
1.329171  0.004145335
1.329387  0.004143308
1.330639  0.004131544
1.33143  0.004124108
1.332993  0.004109426
1.333516  0.004104511
1.335644  0.004084513
1.339405  0.004049177
1.340352  0.004040281
1.341555  0.004028977
1.344706  0.004001144
1.344779  0.004000545
1.344951  0.003999157
1.345229  0.003996901
1.346128  0.003989612
1.34747  0.003978738
1.349284  0.003964028
1.349563  0.003961769
1.353545  0.003929488
1.354658  0.003920473
1.356888  0.003902389
1.357446  0.003897866
1.357677  0.003895994
1.358071  0.0038928
1.359364  0.003882319
1.359477  0.003881407
1.360037  0.003876868
1.360236  0.003875254
1.361238  0.003867128
1.361796  0.003862605
1.361837  0.003862274
1.363052  0.003852426
1.363713  0.003847071
1.364447  0.003841117
1.364879  0.003837618
1.364905  0.003837403
1.365244  0.003834657
1.365262  0.003834509
1.368088  0.003811602
1.371521  0.003783779
1.371886  0.003780818
1.372839  0.003773089
1.374278  0.003761429
1.375091  0.00375484
1.37594  0.003747952
1.377733  0.003733421
1.378078  0.003730629
1.378931  0.00372371
1.380372  0.003712033
1.381263  0.003704805
1.383515  0.003686554
1.387833  0.003651549
1.389049  0.003641697
1.389192  0.003640537
1.391179  0.003624427
1.392709  0.003612027
1.392866  0.003610751
1.395505  0.003589358
1.397027  0.003577022
1.397666  0.003571842
1.40079  0.003546518
1.402495  0.003532703
1.403134  0.00352752
1.403315  0.003526054
1.404201  0.003518875
1.408356  0.003485194
1.409858  0.003473014
1.410312  0.003469337
1.410937  0.003464267
1.411767  0.003457543
1.41186  0.003456784
1.412432  0.003452152
1.414439  0.003435879
1.417886  0.003407939
1.420371  0.003387797
1.42045  0.003387157
1.420503  0.003386726
1.421373  0.003379678
1.421584  0.003377967
1.426595  0.003337344
1.427471  0.003330243
1.429108  0.003316974
1.429322  0.003315238
1.434397  0.003274101
1.434849  0.00327044
1.435093  0.00326846
1.438416  0.003241522
1.439288  0.003234455
1.439647  0.003231547
1.44269  0.003206881
1.443912  0.003196976
1.444874  0.003189171
1.445356  0.00318527
1.445568  0.003183545
1.448812  0.003160046
1.449355  0.003156347
1.45032  0.003149781
1.453247  0.003129863
1.453433  0.003128602
1.455184  0.003116688
1.45687  0.003105212
1.457968  0.003097742
1.458209  0.003096098
1.458557  0.003093734
1.458992  0.003090776
1.459525  0.003087149
1.460736  0.003078902
1.46176  0.003071938
1.463175  0.003062311
1.463523  0.003059941
1.465839  0.003044183
1.467925  0.003029984
1.468797  0.003024054
1.470389  0.003013223
1.470644  0.003011483
1.470744  0.003010802
1.474773  0.002983389
1.475661  0.002977344
1.476231  0.002973464
1.476416  0.00297221
1.480514  0.002944323
1.481645  0.002936627
1.48476  0.002915428
1.485131  0.002912904
1.486294  0.002904988
1.486341  0.002904668
1.487126  0.00289933
1.489195  0.002885253
1.489386  0.002883953
1.490227  0.002878229
1.491026  0.002872788
1.492927  0.002859852
1.496921  0.002832676
1.497214  0.002830682
1.497479  0.002828878
1.497967  0.002825562
1.498289  0.002823367
1.498504  0.002821906
1.498999  0.002818534
1.499209  0.002817108
1.499791  0.002813145
1.501713  0.002800067
1.502024  0.002797954
1.502368  0.00279561
1.503531  0.002787695
1.503723  0.002786389
1.503884  0.002785295
1.504319  0.002782334
1.505427  0.002774794
1.505903  0.002771554
1.506646  0.002766504
1.507609  0.002759951
1.508495  0.002753916
1.509332  0.002748222
1.509526  0.002746904
1.509932  0.002744143
1.510034  0.002743449
1.510867  0.002737781
1.511957  0.002730364
1.513029  0.002723066
1.513084  0.002722694
1.513493  0.002719909
1.5147  0.002711694
1.514902  0.002710324
1.515452  0.002706576
1.515807  0.002704165
1.519003  0.002682416
1.519696  0.0026777
1.52043  0.002672707
1.523482  0.002652364
1.52392  0.00265064
1.527198  0.002637735
1.527464  0.002636688
1.530103  0.0026263
1.53016  0.002626076
1.530492  0.00262477
1.531354  0.002621374
1.533802  0.002611738
1.534412  0.002609337
1.53447  0.002609108
1.53449  0.002609029
1.535334  0.002605705
1.535398  0.002605456
1.535579  0.002604743
1.53593  0.00260336
1.536617  0.002600657
1.537398  0.002597583
1.537741  0.002596231
1.539732  0.002588392
1.539755  0.002588305
1.539797  0.002588137
1.541051  0.0025832
1.541218  0.002582545
1.543222  0.002574656
1.547764  0.002556776
1.548879  0.002552388
1.549824  0.002548668
1.550829  0.00254471
1.552957  0.002536333
1.553897  0.002532633
1.554057  0.002532003
1.554962  0.00252844
1.555795  0.002525161
1.55741  0.002518804
1.557898  0.002516881
1.558523  0.002514421
1.559792  0.002509426
1.562683  0.002498046
1.563161  0.002496162
1.563537  0.002494684
1.563585  0.002494494
1.564303  0.002491669
1.565302  0.002487737
1.565937  0.002485234
1.566608  0.002482596
1.567194  0.002480289
1.567489  0.002479125
1.568255  0.002476109
1.570379  0.002467748
1.57319  0.002456685
1.573885  0.002453946
1.574709  0.002450704
1.575559  0.002447358
1.575657  0.002446974
1.579074  0.00243352
1.580772  0.002426839
1.58189  0.002422434
1.582722  0.002419161
1.58299  0.002418104
1.588237  0.00239745
1.588847  0.002395049
1.589882  0.002390976
1.596604  0.002364513
1.59875  0.002356065
1.60103  0.002347089
1.60173  0.002344333
1.602054  0.00234306
1.602273  0.002342196
1.604257  0.002334386
1.604727  0.002332536
1.606426  0.002325849
1.606993  0.002323614
1.607978  0.002319738
1.608039  0.002319496
1.608401  0.002318073
1.613062  0.002298439
1.614595  0.002290995
1.615615  0.002286041
1.616011  0.002284121
1.620342  0.002263087
1.621306  0.002258407
1.622423  0.002252982
1.622528  0.00225247
1.623027  0.002250046
1.623874  0.002245932
1.626079  0.002235227
1.626205  0.002234616
1.62922  0.002219971
1.630745  0.002212566
1.631054  0.002211065
1.632247  0.002205273
1.633658  0.002198421
1.634039  0.002196567
1.637461  0.002179949
1.638502  0.002174893
1.639976  0.002167735
1.641323  0.002161197
1.641441  0.002160623
1.641776  0.002158995
1.641879  0.002158495
1.643241  0.00215188
1.643283  0.002151676
1.6437  0.00214965
1.645442  0.002141193
1.646182  0.002137597
1.646199  0.002137515
1.64643  0.002136394
1.648786  0.002124952
1.649745  0.002120295
1.650116  0.002118495
1.650744  0.002115441
1.653019  0.002104395
1.65346  0.002102255
1.655225  0.002093681
1.657646  0.002081927
1.658786  0.00207639
1.660267  0.002069199
1.660533  0.002067906
1.662858  0.002056613
1.663187  0.002055018
1.663726  0.002052396
1.66397  0.002051213
1.664286  0.002049681
1.666353  0.00203964
1.666635  0.002038273
1.666765  0.002037641
1.66679  0.002037516
1.666843  0.00203726
1.669027  0.002026653
1.66963  0.002023725
1.669652  0.002023617
1.670484  0.00201958
1.673001  0.002007357
1.674679  0.001999205
1.674708  0.001999067
1.676291  0.001991376
1.677557  0.00198523
1.682631  0.001960588
1.683388  0.001956912
1.683514  0.001956299
1.683588  0.001955943
1.683712  0.001955341
1.684792  0.001950094
1.685207  0.001948376
1.68536  0.001947852
1.686221  0.001944913
1.686676  0.001943358
1.68711  0.001941874
1.690121  0.001931585
1.690188  0.001931356
1.693647  0.001919536
1.696594  0.001909468
1.696622  0.00190937
1.696691  0.001909137
1.699238  0.001900432
1.699519  0.001899472
1.700008  0.0018978
1.700899  0.001894758
1.702344  0.00188982
1.705345  0.001879565
1.705759  0.00187815
1.70614  0.001876847
1.707019  0.001873845
1.708183  0.001869866
1.711338  0.001859085
1.713058  0.001853208
1.713783  0.001850732
1.71398  0.001850057
1.716384  0.001841845
1.716618  0.001841043
1.716703  0.001840755
1.716734  0.001840648
1.721044  0.001825922
1.721113  0.001825683
1.722685  0.001820314
1.723112  0.001818854
1.72448  0.001814178
1.726432  0.001807508
1.727171  0.001804985
1.727266  0.001804659
1.729393  0.001797391
1.731663  0.001789635
1.731862  0.001788956
1.732399  0.001787119
1.733623  0.001782938
1.734818  0.001778854
1.735694  0.001775861
1.736746  0.001772264
1.738173  0.001767389
1.738683  0.001765647
1.742789  0.001751618
1.743401  0.001749525
1.743423  0.00174945
1.74427  0.001746557
1.744316  0.0017464
1.745719  0.001741604
1.748426  0.001732355
1.749004  0.001730381
1.750384  0.001725665
1.750963  0.001723684
1.75449  0.001711633
1.754557  0.001711404
1.756803  0.00170373
1.757119  0.00170265
1.757908  0.001699955
1.757968  0.00169975
1.759483  0.001694574
1.75993  0.001693047
1.760113  0.001692418
1.761924  0.001686233
1.762287  0.001684991
1.763364  0.00168131
1.765503  0.001674002
1.765925  0.00167256
1.766476  0.001670678
1.766825  0.001669484
1.767952  0.001665632
1.769668  0.001659771
1.771742  0.001652684
1.77216  0.001651255
1.774099  0.00164463
1.774208  0.001644256
1.774626  0.001642828
1.776299  0.001638197
1.776428  0.001637864
1.776825  0.001636838
1.777117  0.001636085
1.777636  0.001634743
1.78009  0.001628409
1.784701  0.001616502
1.78506  0.001615576
1.78512  0.00161542
1.785763  0.001613761
1.786895  0.001610839
1.790294  0.001602062
1.790636  0.001601178
1.791235  0.001599632
1.792754  0.001595709
1.793916  0.001592709
1.795369  0.001588959
1.796703  0.001585515
1.798591  0.00158064
1.800384  0.001576009
1.801321  0.001573591
1.802021  0.001571784
1.802185  0.00157136
1.803344  0.001568367
1.803385  0.00156826
1.803594  0.001567721
1.80487  0.001564428
1.80572  0.001562233
1.80673  0.001559625
1.806793  0.001559461
1.807494  0.001557653
1.809569  0.001552296
1.810161  0.001550766
1.810893  0.001548875
1.811138  0.001548245
1.814275  0.001540145
1.815709  0.00153644
1.816128  0.001535358
1.816336  0.001534823
1.817305  0.001532321
1.817518  0.001531771
1.817917  0.001530741
1.819572  0.001526466
1.821947  0.001520335
1.823151  0.001517226
1.824507  0.001513726
1.825556  0.001511018
1.829956  0.001499656
1.830371  0.001498584
1.830412  0.001498478
1.832064  0.001494214
1.832266  0.001493692
1.832529  0.001493012
1.832656  0.001492685
1.832716  0.001492529
1.835411  0.001485572
1.835509  0.00148532
1.835515  0.001485303
1.836519  0.001482711
1.838454  0.001477714
1.840008  0.001473702
1.840035  0.001473632
1.841029  0.001471066
1.841246  0.001470505
1.841805  0.001469062
1.843582  0.001464474
1.84361  0.001464403
1.843991  0.001463417
1.844459  0.001462209
1.845174  0.001460364
1.847759  0.001453689
1.849163  0.001450064
1.849476  0.001449255
1.849542  0.001449086
1.850791  0.001445861
1.850938  0.001445482
1.852056  0.001442595
1.852975  0.001440222
1.853849  0.001437966
1.854979  0.001435047
1.855161  0.001434577
1.856767  0.00143043
1.856814  0.001430309
1.858356  0.001426337
1.859556  0.001423714
1.859861  0.001423049
1.862943  0.001416312
1.863746  0.001414558
1.864301  0.001413346
1.866225  0.00140914
1.867441  0.001406483
1.869386  0.001402232
1.869715  0.001401514
1.871156  0.001398364
1.871799  0.001396959
1.872195  0.001396094
1.872349  0.001395757
1.87326  0.001393766
1.874373  0.001391335
1.874731  0.001390553
1.875372  0.00138915
1.879437  0.001380268
1.879865  0.001379331
1.88107  0.001376699
1.882873  0.001372757
1.883266  0.001371899
1.886872  0.00136402
1.887007  0.001363724
1.887193  0.001363318
1.887278  0.001363131
1.887355  0.001362963
1.887619  0.001362386
1.889398  0.001358499
1.889733  0.001357766
1.890634  0.001355798
1.890734  0.00135558
1.891602  0.001353683
1.892196  0.001352384
1.893221  0.001350144
1.897156  0.001341544
1.898335  0.001338967
1.898535  0.001338531
1.901644  0.001331738
1.901792  0.001331414
1.905976  0.001322269
1.906253  0.001321663
1.908416  0.001316937
1.908449  0.001316864
1.908858  0.001315972
1.911405  0.001310406
1.915655  0.001301116
1.921535  0.001288268
1.924502  0.001281783
1.92577  0.001279013
1.926171  0.001278135
1.928328  0.001273421
1.928947  0.00127207
1.929313  0.001271269
1.932027  0.001265338
1.932402  0.001264519
1.932433  0.001264452
1.934176  0.001260642
1.935167  0.001258476
1.937508  0.001253359
1.938442  0.001251318
1.939018  0.00125006
1.939315  0.001249412
1.940256  0.001247354
1.940709  0.001246364
1.943716  0.001240309
1.945562  0.001236738
1.946243  0.001235422
1.948227  0.001231585
1.948864  0.001230353
1.949031  0.001230032
1.949337  0.001229439
1.951881  0.00122452
1.952197  0.001223909
1.954079  0.001220269
1.954228  0.001219982
1.957004  0.001214614
1.960056  0.001208712
1.960081  0.001208663
1.964098  0.001200894
1.964414  0.001200284
1.964463  0.001200188
1.964652  0.001199823
1.965086  0.001198985
1.965279  0.00119861
1.965509  0.001198166
1.965671  0.001197853
1.966071  0.00119708
1.968125  0.001193108
1.969447  0.001190552
1.9699  0.001189675
1.971286  0.001186996
1.974025  0.001181697
1.974387  0.001180998
1.975195  0.001179436
1.976485  0.001176941
1.976765  0.0011764
1.976985  0.001175975
1.97881  0.001172446
1.97974  0.001170646
1.983163  0.001164027
1.983414  0.001163542
1.984217  0.001161989
1.985959  0.001158621
1.988236  0.001154218
1.989157  0.001152436
1.990387  0.001150057
1.992968  0.001145066
1.993024  0.001144959
1.994013  0.001143047
1.994563  0.001141982
1.994662  0.001141792
1.995964  0.001139274
1.996955  0.001137357
2.000365  0.001130762
2.000461  0.001130576
2.003065  0.001125541
2.004059  0.001123619
2.005719  0.001120409
2.005855  0.001120147
2.008546  0.001114943
2.010403  0.001111351
2.011789  0.001108671
2.012649  0.001107009
2.013268  0.001105811
2.013864  0.00110466
2.015115  0.00110224
2.015892  0.001100738
2.01598  0.001100567
2.021286  0.001090307
2.022472  0.001088012
2.024173  0.001084724
2.024474  0.001084141
2.02511  0.001082911
2.025807  0.001081563
2.026704  0.00107983
2.028116  0.001077098
2.028878  0.001075625
2.029102  0.001075192
2.030151  0.001073163
2.030186  0.001073096
2.030454  0.001072578
2.031876  0.001069827
2.033697  0.001066307
2.034089  0.001065549
2.03508  0.001063632
2.035235  0.001063333
2.035305  0.001063196
2.037117  0.001059693
2.037402  0.001059141
2.038386  0.001057239
2.041236  0.001051728
2.041683  0.001050864
2.043041  0.001048237
2.045516  0.001043451
2.045765  0.00104297
2.046667  0.001041225
2.04692  0.001040736
2.048124  0.001038408
2.048637  0.001037417
2.051651  0.001031587
2.052334  0.001030267
2.052862  0.001029246
2.053332  0.001028338
2.056385  0.001022434
2.056882  0.001021472
2.058314  0.001018703
2.058518  0.001018309
2.058924  0.001017524
2.067945  0.001000079
2.068946  0.0009981429
2.069086  0.0009978723
2.06983  0.0009964345
2.070819  0.0009948976
2.071184  0.000994358
2.071918  0.0009932761
2.072176  0.0009928962
2.073738  0.0009905913
2.074435  0.0009895634
2.074455  0.0009895336
2.074958  0.0009887922
2.078368  0.000983763
2.079738  0.0009817422
2.08084  0.0009801165
2.081632  0.0009789489
2.082854  0.0009771469
2.083574  0.0009760841
2.084152  0.0009752323
2.08695  0.0009711046
2.088938  0.0009681731
2.089558  0.0009672585
2.091462  0.00096445
2.091756  0.0009640176
2.094198  0.0009604157
2.094639  0.0009597647
2.095474  0.0009585329
2.095636  0.0009582939
2.095671  0.0009582432
2.096081  0.0009576385
2.098101  0.0009546593
2.098397  0.0009542226
2.099499  0.0009525965
2.099731  0.0009522552
2.100039  0.0009518005
2.100774  0.0009507165
2.104085  0.0009458329
2.106076  0.0009428966
2.107192  0.0009412504
2.107604  0.0009406421
2.110167  0.0009368625
2.110839  0.000935872
2.11182  0.0009344243
2.113197  0.0009323934
2.113552  0.0009318696
2.113765  0.0009315562
2.11652  0.0009274929
2.119953  0.0009224285
2.120852  0.0009211028
2.12098  0.0009209144
2.122543  0.0009186084
2.124635  0.0009155241
2.125869  0.0009137028
2.126094  0.0009133713
2.126619  0.0009125968
2.127591  0.0009111637
2.128859  0.0009092936
2.128927  0.0009091935
2.129851  0.0009078299
2.130597  0.0009067306
2.131694  0.000905112
2.131743  0.0009050402
2.132102  0.0009045111
2.133229  0.0009028486
2.134209  0.0009014027
2.138244  0.0008954514
2.138536  0.0008950212
2.139371  0.0008937896
2.14048  0.0008921534
2.141116  0.0008912156
2.141388  0.0008908139
2.142142  0.0008897018
2.142422  0.0008892892
2.142619  0.0008889992
2.144547  0.0008861553
2.145366  0.0008849466
2.14595  0.0008840862
2.146121  0.0008838338
2.146903  0.0008826803
2.148713  0.000880011
2.148714  0.0008800088
2.148741  0.0008799693
2.149438  0.000878942
2.149838  0.0008783515
2.150265  0.0008777219
2.150469  0.0008774202
2.150967  0.0008766868
2.151126  0.0008764522
2.151271  0.0008762373
2.151527  0.0008758605
2.153539  0.000872893
2.15387  0.0008724049
2.15569  0.0008697205
2.156272  0.0008688627
2.156284  0.0008688448
2.156693  0.0008682406
2.158545  0.0008655091
2.158783  0.0008651587
2.159786  0.0008636793
2.160795  0.0008621909
2.161785  0.0008607306
2.163179  0.0008586743
2.169504  0.0008493465
2.169632  0.0008491576
2.172476  0.0008449623
2.174588  0.000841847
2.174633  0.0008417816
2.175577  0.0008403884
2.177822  0.0008370785
2.178394  0.0008362349
2.17979  0.0008341759
2.181287  0.0008319666
2.182093  0.0008307779
2.182527  0.0008301383
2.184753  0.000826855
2.186016  0.0008249932
2.186017  0.0008249913
2.186648  0.000824061
2.190778  0.0008179688
2.19158  0.0008167863
2.191641  0.0008166962
2.192282  0.0008157506
2.193737  0.0008136047
2.194839  0.0008119791
2.195705  0.0008107016
2.19573  0.0008106653
2.195822  0.000810529
2.196231  0.0008099261
2.196638  0.0008093265
2.199609  0.0008050757
2.200412  0.0008039742
2.200461  0.000803907
2.200559  0.0008037726
2.201708  0.0008021964
2.201754  0.0008021333
2.203459  0.000799794
2.205447  0.0007970658
2.205916  0.0007964228
2.206333  0.0007958512
2.207719  0.0007939493
2.210619  0.0007899706
2.210958  0.0007895056
2.212248  0.0007877353
2.212623  0.0007872209
2.213631  0.0007858387
2.213812  0.0007855895
2.214982  0.0007839846
2.21952  0.0007777597
2.22171  0.0007747544
2.222512  0.0007736545
2.223855  0.0007718118
2.225109  0.0007700917
2.227858  0.0007663206
2.228263  0.0007657651
2.230315  0.0007629494
2.23255  0.0007598832
2.235476  0.0007558692
2.235501  0.0007558351
2.236182  0.0007549004
2.237043  0.0007537199
2.241056  0.0007482144
2.242258  0.0007465648
2.242803  0.0007458171
2.243474  0.000744896
2.244034  0.0007441287
2.247485  0.0007393939
2.248497  0.0007380052
2.24855  0.0007379328
2.250785  0.0007348667
2.251018  0.0007345466
2.252672  0.0007322771
2.253825  0.0007306957
2.253854  0.0007306565
2.25541  0.0007285213
2.257863  0.0007251562
2.260624  0.0007213681
2.261867  0.0007196623
2.263827  0.0007169743
2.264514  0.0007160319
2.2658  0.0007142669
2.266166  0.0007137646
2.26665  0.0007131016
2.268456  0.0007106231
2.270013  0.0007084874
2.271421  0.0007065554
2.272074  0.0007056602
2.272373  0.0007052488
2.273694  0.0007034374
2.273969  0.0007030596
2.276571  0.0006994903
2.279137  0.0006959695
2.279206  0.0006958747
2.280976  0.0006934464
2.282254  0.0006916942
2.284769  0.0006885276
2.286795  0.00068615
2.286816  0.0006861256
2.287268  0.0006855945
2.288504  0.0006841446
2.290329  0.000682003
2.291721  0.0006803688
2.292185  0.0006798243
2.295744  0.0006756471
2.296205  0.0006751069
2.297865  0.0006731578
2.298991  0.0006718371
2.299074  0.0006717395
2.302277  0.0006679801
2.30342  0.0006666392
2.303898  0.0006660779
2.304437  0.0006654448
2.304515  0.0006653531
2.307737  0.0006615725
2.309115  0.000659955
2.309226  0.0006598248
2.312062  0.0006564961
2.312578  0.0006558903
2.312829  0.0006555962
2.313253  0.000655098
2.313373  0.0006549576
2.313708  0.0006545647
2.314761  0.0006533282
2.316731  0.0006510169
2.316936  0.0006507758
2.317057  0.0006506334
2.317293  0.0006503569
2.318147  0.0006493545
2.318927  0.0006484394
2.320879  0.0006461486
2.325238  0.0006410327
2.326886  0.0006390984
2.328201  0.0006375552
2.329885  0.0006355781
2.332061  0.0006330245
2.33342  0.0006314295
2.333477  0.0006313634
2.333662  0.0006311455
2.336211  0.0006281537
2.336573  0.0006277292
2.336992  0.0006272377
2.33712  0.000627087
2.337511  0.0006266285
2.338397  0.0006255884
2.339537  0.0006242511
2.339804  0.0006239376
2.340496  0.0006231254
2.341556  0.0006218808
2.342632  0.000620618
2.343393  0.0006197254
2.346051  0.0006166057
2.347093  0.0006153826
2.348292  0.0006139756
2.348908  0.0006132521
2.349481  0.0006125804
2.35118  0.0006105857
2.354938  0.0006061752
2.355262  0.0006057956
2.355441  0.0006055855
2.355474  0.0006055463
2.35555  0.0006054577
2.35718  0.0006035447
2.358245  0.000602295
2.358457  0.0006020462
2.358501  0.0006019943
2.360556  0.000599582
2.360659  0.0005994612
2.361133  0.0005989055
2.361783  0.000598142
2.363447  0.0005961894
2.364139  0.0005953774
2.364338  0.0005951441
2.366933  0.0005920985
2.367087  0.0005919172
2.367694  0.0005912051
2.368715  0.0005900901
2.370458  0.0005884257
2.371516  0.0005874153
2.376179  0.0005829634
2.379154  0.0005801228
2.381816  0.0005775807
2.382692  0.0005767437
2.382791  0.0005766493
2.383135  0.0005763209
2.384332  0.0005751784
2.38477  0.0005747601
2.385498  0.0005740652
2.385827  0.0005737507
2.386487  0.0005731202
2.38706  0.0005725735
2.387784  0.0005718822
2.388385  0.0005713085
2.39049  0.0005692982
2.391366  0.0005684619
2.391743  0.0005681018
2.392436  0.0005674398
2.392684  0.000567203
2.393541  0.000566385
2.394019  0.0005659288
2.394836  0.0005651485
2.395208  0.0005647937
2.395662  0.0005643599
2.398495  0.0005616542
2.398605  0.0005615501
2.399047  0.0005611275
2.399671  0.0005605318
2.400859  0.0005593978
2.402225  0.0005580934
2.402919  0.0005574303
2.403257  0.0005571081
2.40412  0.0005562835
2.405476  0.0005549887
2.405698  0.0005547772
2.406553  0.0005539604
2.406962  0.0005535698
2.407279  0.0005532671
2.407451  0.0005531033
2.407558  0.0005530011
2.409383  0.0005512578
2.41001  0.00055066
2.410637  0.0005500609
2.411125  0.0005495951
2.411317  0.0005494114
2.413394  0.0005474281
2.413734  0.0005471037
2.414052  0.0005468
2.420036  0.0005410858
2.421222  0.000539954
2.421228  0.0005399476
2.421237  0.0005399397
2.422191  0.0005390288
2.424361  0.0005369562
2.424733  0.0005366018
2.425366  0.0005359967
2.428074  0.0005334114
2.428632  0.0005328786
2.428942  0.0005325823
2.429033  0.0005324957
2.430379  0.0005312105
2.430429  0.0005311623
2.430439  0.0005311528
2.430866  0.0005307454
2.430905  0.0005307077
2.43137  0.0005302643
2.431542  0.0005301
2.433053  0.0005286567
2.433969  0.0005277827
2.435276  0.0005265348
2.437639  0.0005242782
2.439309  0.0005226834
2.439881  0.0005221372
2.441745  0.000520357
2.44225  0.0005198751
2.444626  0.0005176062
2.444675  0.0005175601
2.447581  0.0005147854
2.448698  0.0005137186
2.449681  0.0005127801
2.452718  0.0005098802
2.454419  0.000508256
2.456139  0.0005066134
2.45819  0.0005046551
2.458348  0.0005045042
2.458474  0.0005043836
2.461202  0.0005017791
2.461315  0.0005016711
2.461821  0.0005011876
2.462123  0.0005008993
2.462636  0.0005004093
2.463862  0.0004992389
2.466357  0.0004968568
2.466532  0.0004966895
2.467114  0.0004961343
2.467271  0.0004959841
2.467956  0.0004953299
2.471222  0.0004922114
2.473621  0.0004899204
2.475911  0.0004877346
2.476227  0.0004874322
2.477131  0.000486569
2.477354  0.0004863561
2.478486  0.0004852751
2.480767  0.0004830971
2.481535  0.0004823637
2.482046  0.0004818761
2.483292  0.0004806866
2.483714  0.0004802839
2.486379  0.000477739
2.487949  0.0004762396
2.488236  0.0004759658
2.490016  0.0004742657
2.492297  0.000472337
2.492385  0.0004722877
2.492429  0.000472263
2.492655  0.0004721366
2.493064  0.0004719079
2.493266  0.0004717949
2.494684  0.0004710012
2.497712  0.0004693069
2.498544  0.0004688415
2.498734  0.0004687351
2.499036  0.000468566
2.499126  0.000468516
2.501072  0.0004674267
2.501555  0.0004671564
2.502769  0.0004664772
2.503381  0.000466135
2.504744  0.000465372
2.505458  0.0004649728
2.506554  0.0004643594
2.507099  0.0004640546
2.507251  0.0004639696
2.50868  0.0004631699
2.510324  0.00046225
2.510381  0.0004622178
2.511445  0.0004616227
2.513726  0.0004603465
2.513891  0.0004602541
2.515966  0.0004590928
2.515982  0.0004590836
2.516181  0.0004589725
2.517144  0.0004584338
2.518749  0.0004575358
2.519221  0.0004572716
2.520191  0.0004567287
2.520986  0.0004562839
2.521475  0.0004560099
2.523677  0.0004547779
2.524504  0.0004543154
2.525489  0.0004537639
2.525584  0.0004537109
2.526454  0.0004532242
2.52651  0.000453193
2.5269  0.0004529746
2.528841  0.0004518882
2.529182  0.0004516979
2.529206  0.0004516841
2.529389  0.0004515817
2.529446  0.0004515501
2.532276  0.0004499662
2.533932  0.0004490396
2.535601  0.0004481056
2.536485  0.000447611
2.536917  0.0004473697
2.537154  0.0004472371
2.538123  0.0004466949
2.538503  0.0004464821
2.53901  0.0004461981
2.540725  0.0004452386
2.541248  0.0004449458
2.541305  0.0004449139
2.542314  0.0004443494
2.543448  0.0004437148
2.544637  0.0004430496
2.545803  0.0004423972
2.546969  0.0004417447
2.54819  0.0004410615
2.549255  0.0004404655
2.549535  0.0004403089
2.552306  0.0004387582
2.554195  0.0004377016
2.554538  0.0004375093
2.55673  0.0004362829
2.557739  0.0004357185
2.557861  0.0004356501
2.561075  0.0004338515
2.561968  0.000433352
2.562396  0.0004331124
2.562886  0.0004328379
2.562935  0.0004328105
2.563255  0.0004326317
2.564966  0.0004316741
2.566186  0.0004309918
2.566694  0.0004307074
2.566755  0.0004306734
2.567679  0.000430156
2.575709  0.000425663
2.575755  0.000425637
2.57653  0.0004252034
2.577543  0.0004246367
2.578111  0.000424319
2.578846  0.0004239074
2.581028  0.0004226865
2.581714  0.0004223028
2.581947  0.0004221726
2.584183  0.0004209214
2.584722  0.0004206197
2.584781  0.0004205863
2.585687  0.0004200356
2.586425  0.000419575
2.586685  0.0004194128
2.589876  0.0004174218
2.589955  0.0004173727
2.590677  0.0004169223
2.592104  0.000416032
2.593422  0.0004152098
2.593765  0.0004149952
2.594881  0.000414299
2.596308  0.0004134087
2.598439  0.0004120795
2.598779  0.0004118675
2.599546  0.000411389
2.601511  0.000410163
2.601881  0.000409932
2.603522  0.0004089078
2.603797  0.0004087362
2.609656  0.0004050812
2.609897  0.0004049308
2.610109  0.0004047985
2.610574  0.0004045084
2.611664  0.000403828
2.613295  0.0004028108
2.617913  0.0003999293
2.619369  0.0003990207
2.621038  0.0003979799
2.623131  0.0003966741
2.624888  0.0003955779
2.625362  0.0003952822
2.625564  0.0003951562
2.626964  0.0003942824
2.628758  0.0003931631
2.628966  0.0003930331
2.630931  0.0003918075
2.632461  0.0003908528
2.635847  0.0003887405
2.640532  0.0003858171
2.640661  0.0003857365
2.64131  0.0003853317
2.641315  0.000385329
2.641764  0.0003850485
2.644595  0.0003832822
2.645417  0.0003827692
2.645799  0.0003825312
2.647503  0.0003814681
2.648518  0.0003808348
2.648668  0.000380741
2.648929  0.0003805783
2.649718  0.0003800859
2.652503  0.0003783487
2.654582  0.0003770516
2.655206  0.0003766623
2.655781  0.0003763032
2.65612  0.000376092
2.656216  0.0003760321
2.658243  0.0003747673
2.658531  0.0003745873
2.658553  0.000374574
2.659557  0.0003739476
2.661733  0.0003725898
2.66196  0.0003724484
2.664215  0.0003710411
2.664713  0.0003707307
2.665097  0.0003704911
2.667161  0.0003692035
2.673611  0.0003651611
2.674809  0.0003643362
2.676045  0.0003634848
2.676179  0.000363392
2.677061  0.0003627846
2.678054  0.0003621007
2.678512  0.0003617852
2.680128  0.0003606723
2.681629  0.0003596385
2.6819  0.000359452
2.685253  0.0003571424
2.686106  0.0003565548
2.686556  0.0003562452
2.688511  0.0003548986
2.688625  0.0003548201
2.689084  0.0003545038
2.6898  0.0003540105
2.689954  0.0003539044
2.690118  0.0003537913
2.690127  0.0003537852
2.690752  0.0003533552
2.691143  0.0003530857
2.692101  0.0003524257
2.692376  0.0003522364
2.69249  0.0003521579
2.693861  0.0003512137
2.694801  0.0003505664
2.698046  0.0003483309
2.698362  0.0003481137
2.698746  0.0003478492
2.699208  0.0003475305
2.700386  0.0003467192
2.700765  0.0003464586
2.702982  0.0003449312
2.704674  0.0003437662
2.705377  0.0003432817
2.706674  0.0003423881
2.708454  0.0003411621
2.708695  0.0003409965
2.709667  0.0003403271
2.71047  0.0003397739
2.712123  0.0003386354
2.71216  0.0003386101
2.715278  0.0003364626
2.716052  0.0003359289
2.717377  0.0003350167
2.718339  0.000334354
2.721049  0.0003324877
2.723487  0.0003308079
2.72351  0.0003307926
2.724064  0.0003304107
2.724367  0.0003302023
2.724754  0.0003299359
2.726298  0.0003288721
2.729278  0.0003268192
2.730293  0.0003261207
2.730761  0.000325798
2.731814  0.0003250729
2.733219  0.0003241049
2.733848  0.0003236718
2.734837  0.000322991
2.736693  0.0003217126
2.737208  0.0003213579
2.737577  0.0003211037
2.737779  0.0003209644
2.739172  0.0003200051
2.739892  0.000319509
2.74208  0.0003180018
2.7441  0.0003166105
2.744204  0.0003165393
2.744267  0.0003164953
2.745996  0.0003153051
2.747726  0.0003141133
2.748742  0.0003134132
2.748999  0.0003132366
2.749691  0.00031276
2.749738  0.0003127273
2.751359  0.0003118882
2.754761  0.0003102381
2.755425  0.0003099162
2.755675  0.0003097952
2.756611  0.0003093411
2.757128  0.0003090905
2.757385  0.0003089658
2.757662  0.0003088317
2.757803  0.0003087631
2.757827  0.0003087517
2.762822  0.0003063298
2.763045  0.0003062214
2.764619  0.0003054583
2.764903  0.0003053205
2.765267  0.0003051439
2.766354  0.0003046169
2.768679  0.0003034893
2.769298  0.0003031893
2.770201  0.0003027513
2.771136  0.0003022982
2.772326  0.0003017213
2.772549  0.0003016129
2.774041  0.0003008895
2.774901  0.0003004725
2.7758  0.0003000365
2.777421  0.0002992504
2.778382  0.0002987847
2.778601  0.0002986783
2.778782  0.0002985908
2.779482  0.0002982513
2.779993  0.0002980036
2.78012  0.0002979418
2.780274  0.0002978673
2.780293  0.000297858
2.780933  0.0002975476
2.781608  0.0002972201
2.785248  0.0002954553
2.786709  0.0002947467
2.786858  0.0002946744
2.787154  0.0002945312
2.78798  0.0002941304
2.789377  0.0002934529
2.78959  0.0002933499
2.78999  0.000293156
2.790598  0.0002928611
2.793487  0.0002914603
2.794409  0.0002910131
2.79698  0.0002897666
2.797346  0.0002895889
2.79764  0.0002894464
2.799154  0.0002887121
2.800476  0.0002880711
2.801719  0.0002874685
2.801893  0.000287384
2.804852  0.0002859493
2.805916  0.0002854334
2.806057  0.0002853648
2.806237  0.0002852779
2.807917  0.0002844633
2.809422  0.0002837334
2.81048  0.0002832202
2.810785  0.0002830723
2.811865  0.0002825489
2.815104  0.0002809784
2.816382  0.0002803584
2.816653  0.0002802273
2.819467  0.0002788624
2.82035  0.0002784342
2.823608  0.0002768547
2.824647  0.0002763506
2.825542  0.000275917
2.825924  0.0002757317
2.82867  0.0002744001
2.828968  0.0002742556
2.829558  0.0002739693
2.829831  0.0002738369
2.830131  0.0002736918
2.831432  0.0002730606
2.833008  0.0002722968
2.833463  0.0002720759
2.833616  0.0002720018
2.837522  0.0002702936
2.839075  0.0002698779
2.839933  0.0002696482
2.839969  0.0002696387
2.842555  0.0002689466
2.84417  0.0002685143
2.844404  0.0002684515
2.844944  0.0002683071
2.845273  0.0002682189
2.846301  0.0002679438
2.846526  0.0002678836
2.847887  0.0002675194
2.849338  0.0002671309
2.849363  0.0002671244
2.849758  0.0002670187
2.851628  0.000266518
2.853835  0.0002659275
2.854598  0.0002657232
2.855146  0.0002655765
2.858286  0.000264736
2.860165  0.0002642332
2.860754  0.0002640755
2.865131  0.0002629039
2.865878  0.0002627041
2.866015  0.0002626674
2.866346  0.0002625787
2.866641  0.0002624998
2.869393  0.0002617632
2.870231  0.0002615389
2.870455  0.0002614789
2.870874  0.0002613668
2.871133  0.0002612975
2.871304  0.0002612517
2.875194  0.0002602105
2.876902  0.0002597535
2.879902  0.0002589504
2.88124  0.0002585924
2.882436  0.0002582723
2.883132  0.0002580859
2.88359  0.0002579634
2.884271  0.0002577811
2.88469  0.000257669
2.885606  0.0002574238
2.887136  0.0002569356
2.887405  0.0002568182
2.889577  0.0002558722
2.89013  0.0002556313
2.89155  0.0002550123
2.893334  0.0002542353
2.893814  0.0002540259
2.89509  0.0002534702
2.897898  0.000252247
2.89828  0.0002520805
2.899852  0.0002513957
2.900199  0.0002512445
2.900771  0.000250995
2.901498  0.0002506786
2.90223  0.0002503595
2.905371  0.0002489911
2.906811  0.000248364
2.909287  0.0002472851
2.909446  0.0002472157
2.911468  0.0002463349
2.912245  0.0002459963
2.915345  0.0002446458
2.915687  0.0002444968
2.916689  0.0002440606
2.916726  0.0002440444
2.920487  0.0002424056
2.9207  0.0002423128
2.923795  0.0002409645
2.924004  0.0002408733
2.924412  0.0002406957
2.924956  0.0002404589
2.926172  0.0002399292
2.927567  0.0002393215
2.928718  0.0002388197
2.929276  0.0002385767
2.929902  0.0002383041
2.931584  0.0002375712
2.933362  0.0002367966
2.938855  0.0002344035
2.939102  0.0002342958
2.939922  0.0002339387
2.939951  0.000233926
2.940531  0.0002336736
2.940668  0.0002336136
2.941504  0.0002332493
2.941794  0.0002331233
2.943092  0.0002325577
2.944298  0.0002320324
2.944828  0.0002318016
2.944974  0.0002317378
2.945575  0.0002314759
2.946086  0.0002312535
2.947208  0.0002307645
2.947403  0.0002306796
2.948977  0.0002299938
2.949158  0.000229915
2.949195  0.000229899
2.949602  0.0002297217
2.951255  0.0002290013
2.95246  0.0002284764
2.952565  0.0002284305
2.953999  0.0002278059
2.954066  0.0002277769
2.956099  0.0002268911
2.957192  0.000226415
2.95731  0.0002263634
2.957674  0.0002262049
2.959302  0.0002254955
2.96176  0.0002244247
2.961902  0.0002243628
2.962  0.0002243201
2.962063  0.0002242929
2.964878  0.0002230664
2.965789  0.0002226696
2.966955  0.0002221613
2.969378  0.000221106
2.970633  0.0002206344
2.971539  0.0002203475
2.971658  0.00022031
2.973668  0.0002196735
2.974276  0.0002194809
2.975907  0.0002189647
2.978608  0.0002181092
2.979849  0.0002177165
2.980739  0.0002174345
2.981411  0.0002172219
2.981988  0.000217039
2.982827  0.0002167733
2.98533  0.0002159808
2.985501  0.0002159268
2.986212  0.0002157015
2.986588  0.0002155824
2.986791  0.0002155183
2.986822  0.0002155085
2.987095  0.0002154221
2.989069  0.0002147968
2.990329  0.0002143979
2.991005  0.0002141839
2.991072  0.0002141627
2.992441  0.0002137291
2.996013  0.0002125983
2.997451  0.000212143
2.997555  0.00021211
2.997713  0.0002120599
2.998103  0.0002119365
3.000983  0.0002110246
3.001122  0.0002109804
3.002816  0.0002104441
3.003633  0.0002101856
3.003979  0.000210076
3.005079  0.0002097275
3.006512  0.0002092737
3.006668  0.0002092244
3.006901  0.0002091507
3.007021  0.0002091127
3.0071  0.0002090876
3.007408  0.0002089902
3.008147  0.000208756
3.009317  0.0002083858
3.012399  0.0002074099
3.013665  0.000207009
3.014789  0.0002066529
3.015547  0.0002064131
3.01599  0.0002062728
3.016404  0.0002061417
3.016534  0.0002061007
3.018644  0.0002054325
3.019986  0.0002050073
3.022455  0.0002042258
3.0238  0.0002037998
3.029568  0.0002019733
3.029987  0.0002018409
3.034032  0.0002005599
3.036925  0.000199644
3.037901  0.0001993348
3.039296  0.0001988931
3.040574  0.0001984886
3.040939  0.0001983731
3.041624  0.0001981562
3.041889  0.0001980722
3.043111  0.0001976852
3.044183  0.0001973458
3.044534  0.0001972347
3.044612  0.0001972101
3.04506  0.000197068
3.046031  0.0001967606
3.047915  0.000196164
3.04863  0.0001959377
3.048779  0.0001958904
3.049633  0.00019562
3.050533  0.0001953352
3.050575  0.0001953218
3.051  0.0001951873
3.051931  0.0001948925
3.052419  0.0001947379
3.054224  0.0001941666
3.055921  0.000193629
3.056233  0.0001935302
3.057932  0.0001930299
3.057997  0.0001930112
3.059363  0.0001926191
3.059377  0.0001926151
3.061037  0.0001921389
3.061379  0.0001920406
3.061479  0.0001920119
3.061587  0.0001919811
3.062182  0.0001918102
3.063843  0.0001913336
3.064205  0.0001912297
3.064355  0.0001911866
3.066359  0.0001906116
3.068673  0.0001899475
3.071273  0.0001892016
3.072167  0.0001889449
3.07287  0.0001887432
3.07317  0.0001886571
3.073222  0.0001886421
3.081188  0.000186356
3.0812  0.0001863526
3.081942  0.0001861399
3.084631  0.0001853682
3.087441  0.0001845618
3.088926  0.0001841357
3.089279  0.0001840344
3.090749  0.0001836124
3.090973  0.0001835481
3.091884  0.0001832867
3.092562  0.0001830923
3.093162  0.0001829199
3.093853  0.0001827217
3.094463  0.0001825467
3.094742  0.0001824665
3.096589  0.0001819367
3.097454  0.0001816885
3.097727  0.0001816099
3.098822  0.0001812957
3.098836  0.0001812918
3.100879  0.0001807054
3.103213  0.0001800358
3.104928  0.0001795436
3.104959  0.0001795348
3.10526  0.0001794482
3.106017  0.0001792311
3.106026  0.0001792285
3.107436  0.0001788239
3.109834  0.0001781358
3.109939  0.0001781055
3.110482  0.0001779497
3.111533  0.0001776482
3.113736  0.000177016
3.114324  0.0001768471
3.11735  0.0001759789
3.118943  0.0001755217
3.119174  0.0001754555
3.120423  0.0001750971
3.121845  0.0001746889
3.121953  0.0001746579
3.124549  0.0001739131
3.124571  0.0001739067
3.125565  0.0001736213
3.126564  0.0001733347
3.127374  0.0001731023
3.127809  0.0001729776
3.127915  0.000172947
3.128802  0.0001726925
3.129724  0.000172428
3.130714  0.0001721439
3.130966  0.0001720717
3.13102  0.0001720561
3.131989  0.0001717781
3.132257  0.000171701
3.132277  0.0001716955
3.132663  0.0001715846
3.13272  0.0001715683
3.133372  0.0001713812
3.133861  0.0001712407
3.134714  0.0001709961
3.135327  0.00017082
3.139936  0.0001694976
3.140889  0.000169224
3.141866  0.0001689435
3.142407  0.0001687883
3.142529  0.0001687534
3.143529  0.0001684663
3.145452  0.0001679475
3.145737  0.0001678867
3.1478  0.000167445
3.151445  0.0001666649
3.154563  0.0001659975
3.156276  0.000165631
3.156923  0.0001654926
3.159662  0.0001649063
3.16056  0.000164714
3.162952  0.0001642023
3.163955  0.0001639876
3.164016  0.0001639743
3.164384  0.0001638957
3.165209  0.0001637191
3.16637  0.0001634707
3.166663  0.000163408
3.168205  0.000163078
3.1683  0.0001630575
3.170474  0.0001625923
3.170773  0.0001625283
3.172425  0.0001621748
3.175149  0.0001615918
3.178656  0.0001608412
3.182142  0.0001600952
3.182976  0.0001599165
3.183561  0.0001597914
3.184294  0.0001596346
3.185285  0.0001594225
3.185329  0.000159413
3.186157  0.0001592358
3.187061  0.0001590424
3.187215  0.0001590093
3.187973  0.000158847
3.187992  0.0001588431
3.189181  0.0001585885
3.18926  0.0001585718
3.190166  0.0001583777
3.190809  0.0001582403
3.190907  0.0001582193
3.191123  0.000158173
3.191731  0.0001580427
3.191782  0.000158032
3.192536  0.0001578705
3.193146  0.0001577399
3.194156  0.0001575238
3.195656  0.0001572027
3.195663  0.0001572013
3.196333  0.0001570578
3.203764  0.0001554675
3.20394  0.0001554299
3.205046  0.0001551931
3.20583  0.0001550254
3.206421  0.0001548988
3.207693  0.0001546267
3.208063  0.0001545474
3.2103  0.0001540688
3.211015  0.0001539157
3.211195  0.0001538771
3.211681  0.000153773
3.213759  0.0001533285
3.215715  0.0001529097
3.216412  0.0001527605
3.217899  0.0001524423
3.219393  0.0001521225
3.219519  0.0001520957
3.223862  0.0001511662
3.224993  0.000150924
3.231268  0.0001495811
3.232917  0.0001492281
3.232989  0.0001492128
3.233888  0.0001490203
3.234113  0.0001489721
3.235965  0.0001485757
3.238251  0.0001480867
3.240638  0.0001475756
3.241011  0.0001474959
3.242865  0.000147099
3.243611  0.0001469395
3.244918  0.0001466596
3.244927  0.0001466577
3.246132  0.0001463999
3.247167  0.0001461784
3.247924  0.0001460163
3.250001  0.0001455718
3.250946  0.0001453695
3.253109  0.0001449066
3.254  0.000144716
3.25544  0.0001444077
3.255667  0.0001443592
3.256018  0.000144284
3.257271  0.000144016
3.25906  0.0001436329
3.260124  0.0001434052
3.260672  0.0001432879
3.263835  0.0001426111
3.265095  0.0001423413
3.265163  0.0001423269
3.26686  0.0001419635
3.267507  0.0001418251
3.270392  0.0001412078
3.271223  0.0001410299
3.271295  0.0001410144
3.271717  0.0001409242
3.272644  0.0001407256
3.2729  0.0001406709
3.27358  0.0001405254
3.275023  0.0001402165
3.275462  0.0001401226
3.275764  0.000140058
3.276065  0.0001399937
3.276578  0.0001398839
3.276688  0.0001398602
3.276963  0.0001398013
3.277321  0.0001397247
3.27901  0.0001393632
3.280324  0.000139082
3.280852  0.000138969
3.281532  0.0001388236
3.28161  0.0001388067
3.282366  0.0001386323
3.285408  0.0001379252
3.286399  0.0001376947
3.287013  0.000137552
3.287177  0.0001375139
3.288018  0.0001373185
3.289067  0.0001370746
3.289318  0.0001370165
3.290712  0.0001366924
3.292403  0.0001362994
3.29425  0.00013587
3.294457  0.000135822
3.295713  0.00013553
3.29581  0.0001355074
3.296881  0.0001352585
3.29689  0.0001352564
3.296956  0.000135241
3.297278  0.0001351662
3.297299  0.0001351613
3.297474  0.0001351208
3.297806  0.0001350436
3.298604  0.000134858
3.2998  0.0001345802
3.300473  0.0001344237
3.301103  0.0001342771
3.301569  0.000134169
3.304326  0.0001335282
3.305531  0.0001332479
3.305992  0.000133141
3.306247  0.0001330817
3.306481  0.0001330272
3.307882  0.0001327015
3.308678  0.0001325166
3.310512  0.0001320903
3.313992  0.0001312815
3.315099  0.0001310243
3.315299  0.0001309777
3.3154  0.0001309542
3.31979  0.000129934
3.320072  0.0001298688
3.320876  0.0001296871
3.320925  0.0001296761
3.320994  0.0001296605
3.323259  0.0001291488
3.323433  0.0001291095
3.325053  0.0001287433
3.326976  0.0001283089
3.327236  0.0001282502
3.327381  0.0001282173
3.328402  0.0001279866
3.328461  0.0001279734
3.329365  0.0001277691
3.329816  0.0001276672
3.331813  0.0001272159
3.331965  0.0001271816
3.33221  0.0001271262
3.333674  0.0001267956
3.333961  0.0001267307
3.335086  0.0001264765
3.335317  0.0001264243
3.336726  0.000126106
3.337878  0.0001258457
3.338859  0.000125624
3.339825  0.0001254056
3.340082  0.0001253477
3.340307  0.0001252967
3.340815  0.0001251821
3.341204  0.0001250942
3.341707  0.0001249806
3.34192  0.0001249323
3.34356  0.0001245618
3.346537  0.0001238891
3.346675  0.0001238579
3.346722  0.0001238474
3.348053  0.0001235466
3.352187  0.0001226125
3.353416  0.0001223349
3.353673  0.0001222769
3.354278  0.0001221401
3.354596  0.0001220684
3.356009  0.000121749
3.35654  0.0001216291
3.35676  0.0001215792
3.357533  0.0001214047
3.360388  0.0001207596
3.360749  0.0001206781
3.36169  0.0001204655
3.361902  0.0001204175
3.362189  0.0001203527
3.362875  0.0001201978
3.363  0.0001201693
3.365474  0.0001196104
3.365508  0.0001196028
3.365916  0.0001195106
3.366397  0.0001194018
3.369877  0.0001186156
3.371064  0.0001183473
3.372581  0.0001180045
3.372967  0.0001179174
3.373156  0.0001178748
3.374199  0.000117639
3.374575  0.000117554
3.377015  0.0001170027
3.380764  0.0001161557
3.382058  0.0001158634
3.382738  0.0001157096
3.383901  0.000115447
3.384407  0.0001153325
3.386497  0.0001148604
3.386825  0.0001147862
3.387347  0.0001146682
3.387942  0.0001145337
3.388722  0.0001143576
3.390286  0.0001140042
3.394222  0.0001131149
3.394724  0.0001130015
3.395689  0.0001127835
3.395751  0.0001127695
3.399698  0.0001118775
3.399924  0.0001118266
3.400845  0.0001116184
3.400872  0.0001116123
3.405034  0.0001106749
3.406461  0.0001104786
3.406995  0.0001104051
3.411825  0.0001097406
3.412737  0.0001096152
3.412795  0.0001096071
3.414163  0.0001094189
3.415084  0.0001092922
3.415869  0.0001091843
3.419264  0.0001087171
3.419642  0.0001086652
3.420589  0.0001085348
3.422061  0.0001083323
3.42285  0.0001082238
3.423042  0.0001081973
3.423578  0.0001081236
3.42412  0.000108049
3.425987  0.0001077921
3.426143  0.0001077707
3.42738  0.0001076005
3.429497  0.0001073093
3.429532  0.0001073044
3.430724  0.0001071404
3.430751  0.0001071367
3.433848  0.0001067106
3.435117  0.000106536
3.437292  0.0001062367
3.438824  0.0001060259
3.441057  0.0001057186
3.442114  0.0001055733
3.443796  0.0001053419
3.445012  0.0001051746
3.44605  0.0001050317
3.44621  0.0001050097
3.446837  0.0001049235
3.44753  0.0001048281
3.448218  0.0001047335
3.44831  0.0001047207
3.448339  0.0001047169
3.449025  0.0001046224
3.449729  0.0001045255
3.451884  0.0001042291
3.4521  0.0001041993
3.452921  0.0001040863
3.45521  0.0001037715
3.458749  0.0001032845
3.460419  0.0001030548
3.46065  0.000103023
3.462682  0.0001027434
3.464008  0.0001025609
3.464774  0.0001024556
3.464829  0.000102448
3.464833  0.0001024474
3.465882  0.0001023031
3.467462  0.0001020858
3.467898  0.0001020257
3.468056  0.0001020039
3.469888  0.0001017519
3.472125  0.0001014441
3.472402  0.0001014061
3.474463  0.0001011225
3.475605  0.0001009654
3.476065  0.0001009021
3.477959  0.0001006415
3.47913  0.0001004804
3.483834  0.00009983316
3.484777  0.00009970346
3.485053  0.00009966549
3.487248  0.00009936343
3.48774  0.00009929575
3.488781  0.0000991526
3.48895  0.00009912925
3.489343  0.00009907518
3.490064  0.00009897597
3.490657  0.00009889446
3.492042  0.00009870384
3.492978  0.00009857502
3.495151  0.00009827606
3.49579  0.00009818825
3.496228  0.0000981279
3.496248  0.00009812521
3.496361  0.00009810956
3.49666  0.00009806845
3.49727  0.00009797399
3.497961  0.00009786674
3.498454  0.00009779034
3.499687  0.000097599
3.50056  0.00009746363
3.501342  0.00009734225
3.502699  0.00009713176
3.503013  0.00009708309
3.503949  0.00009693787
3.503965  0.00009693532
3.504077  0.00009691798
3.504124  0.00009691069
3.504173  0.00009690306
3.50736  0.0000964087
3.50799  0.00009631107
3.50799  0.00009631098
3.508748  0.00009619338
3.510005  0.00009599846
3.51057  0.00009591083
3.511776  0.00009572363
3.512789  0.00009556653
3.512932  0.00009554434
3.515076  0.00009521177
3.515587  0.00009513252
3.516016  0.00009506598
3.51609  0.00009505451
3.516295  0.00009502265
3.519383  0.00009454362
3.519452  0.00009453292
3.520504  0.00009436978
3.521207  0.00009426062
3.523234  0.00009394626
3.523567  0.00009389462
3.524798  0.00009370365
3.524818  0.00009370056
3.524991  0.0000936737
3.525928  0.00009352825
3.526325  0.00009346669
3.527069  0.0000933513
3.530601  0.00009280329
3.531959  0.00009259278
3.536153  0.00009194215
3.539179  0.00009147274
3.540745  0.00009122967
3.540755  0.00009122818
3.541823  0.00009106244
3.542728  0.00009092214
3.545862  0.00009043599
3.547081  0.00009024683
3.548534  0.00009002137
3.549874  0.00008981357
3.55021  0.00008976149
3.550393  0.00008973303
3.55254  0.00008939997
3.553164  0.00008930313
3.553579  0.00008923887
3.554324  0.00008912317
3.557632  0.0000886101
3.558378  0.00008849439
3.55896  0.000088404
3.560438  0.00008817482
3.561511  0.00008800839
3.562789  0.00008781012
3.563775  0.00008765716
3.565236  0.00008743053
3.565652  0.00008736593
3.565937  0.00008732178
3.566697  0.00008720376
3.567932  0.00008701222
3.567978  0.00008700505
3.568684  0.00008689552
3.569552  0.00008676101
3.570058  0.00008668244
3.570382  0.00008663212
3.571939  0.00008639064
3.573958  0.0000860775
3.579329  0.00008524422
3.581219  0.00008495112
3.581961  0.00008484654
3.582088  0.00008483137
3.582146  0.00008482447
3.583483  0.00008466507
3.583547  0.00008465741
3.584004  0.00008460302
3.585223  0.00008445771
3.587164  0.00008422624
3.587333  0.00008420618
3.588784  0.00008403322
3.58966  0.00008392876
3.595953  0.00008317859
3.596045  0.00008316763
3.597257  0.00008302323
3.597433  0.00008300222
3.599186  0.00008279325
3.599564  0.00008274811
3.600128  0.00008268096
3.600272  0.00008266376
3.603148  0.00008232098
3.604425  0.00008216866
3.606006  0.00008198027
3.607376  0.00008181693
3.608045  0.00008173723
3.608374  0.00008169797
3.608505  0.00008168235
3.608547  0.00008167737
3.608595  0.00008167165
3.608678  0.00008166169
3.608887  0.00008163677
3.610823  0.00008140601
3.611289  0.00008135053
3.612813  0.00008116877
3.613159  0.00008112759
3.613759  0.00008105608
3.615339  0.00008086774
3.616706  0.00008070471
3.617146  0.0000806523
3.620543  0.0000802474
3.620913  0.00008020331
3.621433  0.00008014134
3.621819  0.00008009528
3.623848  0.00007985336
3.623874  0.00007985031
3.626277  0.0000795639
3.626896  0.00007949003
3.628182  0.0000793368
3.629093  0.00007922824
3.629361  0.00007919622
3.630529  0.00007905706
3.631404  0.00007895265
3.631964  0.0000788859
3.633139  0.00007874586
3.634012  0.00007864183
3.634957  0.00007852913
3.635163  0.00007850456
3.638426  0.00007811566
3.638703  0.00007808263
3.639628  0.0000779724
3.640891  0.00007782178
3.640952  0.00007781454
3.641184  0.00007778691
3.642065  0.00007768188
3.642803  0.00007759389
3.64291  0.00007758115
3.646382  0.00007716723
3.646383  0.0000771671
3.646909  0.00007710449
3.648952  0.00007686092
3.650377  0.00007669098
3.651376  0.00007657191
3.652095  0.00007648624
3.654118  0.00007624513
3.65453  0.00007619596
3.65687  0.00007591709
3.657037  0.00007589714
3.659766  0.00007557178
3.66087  0.00007544029
3.661686  0.0000753429
3.661845  0.00007532401
3.663046  0.00007518087
3.663826  0.00007508787
3.664996  0.00007494837
3.665274  0.00007491527
3.666327  0.00007478974
3.670601  0.00007428026
3.671862  0.00007412989
3.671987  0.00007411499
3.673275  0.00007396153
3.67363  0.00007391918
3.673736  0.00007390651
3.674085  0.00007386499
3.675624  0.00007370743
3.676684  0.00007362514
3.677773  0.00007354058
3.679306  0.00007342153
3.679761  0.00007338618
3.680257  0.00007334769
3.680305  0.00007334401
3.680473  0.00007333094
3.685924  0.00007290768
3.687556  0.00007278102
3.687867  0.00007275687
3.688532  0.00007270518
3.693294  0.00007233546
3.694076  0.00007227476
3.694774  0.00007222053
3.69526  0.00007218281
3.696915  0.0000720543
3.698198  0.00007195468
3.699984  0.00007181603
3.700072  0.00007180916
3.701462  0.00007170129
3.702232  0.00007164151
3.702493  0.00007162125
3.703129  0.00007157185
3.705755  0.00007136792
3.706315  0.00007132448
3.707131  0.00007126112
3.707482  0.00007123388
3.708685  0.00007114044
3.708756  0.00007113495
3.711872  0.000070893
3.711965  0.00007088578
3.712356  0.00007085541
3.714036  0.00007072498
3.715961  0.00007057555
3.716102  0.00007056454
3.719183  0.00007032536
3.719899  0.00007026978
3.723543  0.00006998683
3.723675  0.00006997661
3.724248  0.00006993209
3.724789  0.00006989011
3.725199  0.00006985828
3.725296  0.00006985069
3.725982  0.00006979744
3.726182  0.00006978194
3.726475  0.00006975917
3.726693  0.00006974225
3.728433  0.00006960716
3.731244  0.00006938889
3.732849  0.00006926428
3.736332  0.00006899383
3.736469  0.00006898321
3.738457  0.00006882881
3.74015  0.00006869738
3.740479  0.00006867186
3.741093  0.00006862416
3.747674  0.00006811322
3.748928  0.00006801583
3.752878  0.00006770915
3.753371  0.00006767086
3.753746  0.00006764173
3.753949  0.00006762599
3.754157  0.00006760985
3.754932  0.00006754969
3.75502  0.00006754282
3.7551  0.00006753662
3.755109  0.0000675359
3.75594  0.00006747143
3.757731  0.00006733233
3.75803  0.00006730912
3.758093  0.00006730421
3.761383  0.00006704877
3.762331  0.00006697521
3.765535  0.00006672641
3.765909  0.00006669741
3.769242  0.00006643859
3.769554  0.00006641441
3.769842  0.00006639202
3.77034  0.00006635338
3.77349  0.00006611353
3.774004  0.00006608931
3.776567  0.00006596843
3.777107  0.00006594296
3.78059  0.00006577871
3.780665  0.00006577515
3.785032  0.00006556921
3.785311  0.00006555604
3.787272  0.00006546357
3.788669  0.00006539767
3.788842  0.00006538952
3.790306  0.00006532051
3.790425  0.00006531489
3.792014  0.00006523992
3.794851  0.00006510614
3.797304  0.00006499048
3.797982  0.00006495849
3.799192  0.00006490143
3.803075  0.0000647183
3.803319  0.00006470679
3.80442  0.00006465486
3.804852  0.00006463449
3.805765  0.00006459144
3.806096  0.00006457582
3.807424  0.00006451321
3.807929  0.00006448935
3.808081  0.00006448221
3.808221  0.00006447562
3.808626  0.00006445648
3.809833  0.0000643996
3.81028  0.00006437849
3.812194  0.00006428822
3.813257  0.00006423809
3.816928  0.00006406499
3.816937  0.00006406454
3.819532  0.00006394217
3.81986  0.00006392669
3.821766  0.00006383683
3.824502  0.00006370777
3.824735  0.0000636968
3.826542  0.00006361157
3.827729  0.00006355558
3.829372  0.0000634781
3.829475  0.00006347327
3.83018  0.00006343997
3.831522  0.00006337669
3.832366  0.00006333692
3.832388  0.00006333589
3.834799  0.00006322216
3.836617  0.00006313644
3.837181  0.00006310983
3.838496  0.00006304779
3.840936  0.00006293275
3.841303  0.0000629154
3.842848  0.00006284254
3.843089  0.00006283119
3.843935  0.0000627913
3.844365  0.00006277101
3.844679  0.0000627562
3.844718  0.00006275438
3.845621  0.0000627118
3.845853  0.00006270085
3.846189  0.000062685
3.848729  0.00006256521
3.851355  0.00006244135
3.853914  0.00006232066
3.854169  0.00006230864
3.857127  0.00006216914
3.857376  0.00006215742
3.858489  0.0000621049
3.859362  0.00006206374
3.859691  0.00006204825
3.860194  0.00006202449
3.860308  0.00006201914
3.86149  0.00006196338
3.86156  0.00006196008
3.862372  0.0000619218
3.863787  0.00006183403
3.865573  0.0000616669
3.865601  0.0000616642
3.867573  0.00006147969
3.869851  0.00006126655
3.870824  0.0000611755
3.871344  0.00006112682
3.872165  0.00006104995
3.872197  0.00006104698
3.875258  0.00006076053
3.875273  0.00006075914
3.876224  0.00006067011
3.876491  0.00006064515
3.878707  0.00006043777
3.879326  0.00006037984
3.881206  0.0000602039
3.882946  0.0000600411
3.883992  0.00005994319
3.884341  0.00005991052
3.885033  0.00005984578
3.887288  0.00005963476
3.887976  0.00005957038
3.888588  0.0000595131
3.889154  0.00005946011
3.889202  0.00005945561
3.889994  0.00005938156
3.890361  0.0000593472
3.892465  0.00005915032
3.892746  0.000059124
3.895007  0.00005891243
3.89531  0.00005888408
3.895413  0.00005887443
3.898006  0.00005863178
3.89826  0.00005860799
3.898623  0.000058574
3.901209  0.00005833202
3.903516  0.00005811614
3.903518  0.00005811589
3.904133  0.00005805839
3.905004  0.00005797683
3.905451  0.00005793503
3.907453  0.00005774765
3.910471  0.00005746522
3.915021  0.00005703947
3.915478  0.00005699666
3.917486  0.0000568088
3.91819  0.00005674292
3.919054  0.00005666207
3.920131  0.00005656122
3.921781  0.00005640684
3.925714  0.00005603881
3.926989  0.00005591951
3.92855  0.00005577342
3.929942  0.00005564312
3.930278  0.00005561167
3.932271  0.0000554252
3.93401  0.00005526245
3.934653  0.00005520227
3.934908  0.00005517843
3.93498  0.00005517167
3.935524  0.00005512077
3.935847  0.00005509054
3.936951  0.00005498724
3.938377  0.00005485375
3.939198  0.00005477691
3.939657  0.00005473398
3.940212  0.00005468204
3.941876  0.00005452637
3.944253  0.00005430391
3.94545  0.00005419187
3.946547  0.00005408919
3.947407  0.00005400877
3.949739  0.00005379052
3.951998  0.00005360063
3.952274  0.00005357775
3.952811  0.00005353328
3.953688  0.00005346064
3.95677  0.00005320546
3.957096  0.00005317843
3.957827  0.00005311795
3.959194  0.00005300475
3.959729  0.00005296045
3.959742  0.00005295936
3.959996  0.00005293831
3.961329  0.00005282793
3.965723  0.00005246403
3.96721  0.00005234088
3.967428  0.00005232288
3.967857  0.0000522873
3.969176  0.00005217805
3.969268  0.0000521705
3.970371  0.00005207912
3.974672  0.00005172295
3.975079  0.00005168927
3.976777  0.00005154867
3.97753  0.00005148627
3.979288  0.00005134065
3.979934  0.00005128721
3.981418  0.0000511643
3.983092  0.0000510257
3.983405  0.00005099979
3.983582  0.00005098508
3.983904  0.00005095847
3.984689  0.00005089343
3.985552  0.00005082198
3.985794  0.00005080196
3.986773  0.00005072085
3.987449  0.00005066488
3.987752  0.00005063974
3.988174  0.00005060483
3.989751  0.00005047423
3.99076  0.00005039066
3.991951  0.00005029205
3.992042  0.00005028455
3.992773  0.00005022398
3.992867  0.00005021621
3.9935  0.00005016378
3.997733  0.00004981319
3.998929  0.00004971417
3.998974  0.00004971047
4.001221  0.00004952434
4.003577  0.00004932929
4.004781  0.00004922958
4.007315  0.00004901976
4.007347  0.00004901707
4.007349  0.00004901692
4.00843  0.00004892738
4.008787  0.00004889786
4.009474  0.00004884091
4.011288  0.00004869067
4.011599  0.00004866497
4.012501  0.00004859024
4.013274  0.00004852621
4.01401  0.0000484653
4.017059  0.00004821283
4.0176  0.00004816803
4.017784  0.00004815275
4.019601  0.00004800229
4.020425  0.00004793403
4.02276  0.00004774071
4.023214  0.00004770308
4.024858  0.00004756698
4.025667  0.00004749994
4.026353  0.00004744318
4.026848  0.00004740215
4.027574  0.00004734206
4.027583  0.00004734129
4.02812  0.00004729681
4.028717  0.00004724735
4.028795  0.00004724093
4.028822  0.0000472387
4.02915  0.00004721153
4.029274  0.00004720123
4.03193  0.00004698131
4.033439  0.00004685634
4.033905  0.00004681777
4.035027  0.00004672483
4.035421  0.0000466922
4.03863  0.00004642646
4.039343  0.00004636744
4.040843  0.00004624318
4.041664  0.00004617524
4.046212  0.00004594998
4.050047  0.00004576013
4.051143  0.00004570587
4.054449  0.00004554221
4.054736  0.00004552797
4.055819  0.00004547438
4.056051  0.0000454629
4.056334  0.00004544889
4.057177  0.00004540715
4.057485  0.00004539189
4.058729  0.00004533032
4.060025  0.00004526612
4.061108  0.00004521253
4.061463  0.00004519498
4.061787  0.00004517892
4.062974  0.00004512015
4.063095  0.00004511419
4.063248  0.00004510659
4.064667  0.00004503633
4.064828  0.00004502838
4.066826  0.00004492945
4.066883  0.00004492662
4.067043  0.00004491871
4.067842  0.00004487918
4.068113  0.00004486577
4.068984  0.00004482263
4.070757  0.00004473487
4.071428  0.00004470161
4.074917  0.00004452891
4.077598  0.00004439618
4.077716  0.00004439034
4.078102  0.00004437121
4.078749  0.00004433919
4.079305  0.00004431169
4.080544  0.00004425034
4.081174  0.00004421915
4.08128  0.00004421389
4.081603  0.00004419792
4.084477  0.00004405565
4.085578  0.00004400115
4.087444  0.00004390878
4.087864  0.00004388796
4.08822  0.00004387034
4.089618  0.00004380111
4.090114  0.00004377659
4.090935  0.00004373594
4.091875  0.00004368941
4.091895  0.0000436884
4.093604  0.00004360383
4.093972  0.0000435856
4.094834  0.00004354292
4.100851  0.00004324506
4.101341  0.00004322077
4.101967  0.00004318979
4.10284  0.00004314659
4.106665  0.00004295719
4.107055  0.00004293793
4.108609  0.00004286096
4.110069  0.00004278868
4.110153  0.00004278454
4.111209  0.00004273224
4.112947  0.00004264624
4.114892  0.00004254993
4.114894  0.00004254983
4.1151  0.00004253964
4.11709  0.00004244114
4.117685  0.00004241164
4.119882  0.00004230288
4.121615  0.00004221708
4.123591  0.00004211927
4.12413  0.00004209259
4.124869  0.00004205603
4.125388  0.00004203032
4.126569  0.00004197187
4.126827  0.00004195909
4.127284  0.00004193644
4.128684  0.00004186712
4.128892  0.00004185686
4.133211  0.00004165753
4.133419  0.00004164921
4.13472  0.00004159698
4.135452  0.00004156762
4.136139  0.00004154006
4.137368  0.00004149078
4.137538  0.00004148394
4.138413  0.00004144886
4.139124  0.00004142031
4.140246  0.00004137531
4.140462  0.00004136663
4.141345  0.00004133122
4.141938  0.00004130744
4.142634  0.00004127951
4.143701  0.00004123671
4.146664  0.00004111782
4.147915  0.00004106764
4.14958  0.00004100085
4.150766  0.00004095326
4.152219  0.00004089499
4.153059  0.0000408613
4.153268  0.0000408529
4.155953  0.00004074517
4.158389  0.00004064746
4.159769  0.00004059209
4.160132  0.00004057751
4.160851  0.0000405487
4.161507  0.00004052237
4.162824  0.00004046955
4.1633  0.00004045043
4.165056  0.00004037999
4.168484  0.00004024246
4.169014  0.0000402212
4.171788  0.00004010993
4.172342  0.00004008768
4.172411  0.00004008493
4.176667  0.00003991419
4.177014  0.00003990027
4.178273  0.00003984976
4.179323  0.00003980764
4.179918  0.00003978375
4.180257  0.00003977018
4.181115  0.00003973573
4.182599  0.00003967621
4.182729  0.00003967099
4.182952  0.00003966207
4.184831  0.00003958666
4.185486  0.00003956038
4.185798  0.00003954788
4.186393  0.00003952401
4.186772  0.00003950879
4.187224  0.00003949065
4.187617  0.00003947491
4.188439  0.00003944192
4.188873  0.0000394245
4.189257  0.00003940912
4.189587  0.00003939589
4.189591  0.00003939573
4.191895  0.0000393033
4.193546  0.00003923705
4.193786  0.00003922741
4.193901  0.00003922282
4.193963  0.0000392203
4.194733  0.00003918942
4.195604  0.0000391545
4.196556  0.00003911628
4.198449  0.00003904036
4.199232  0.00003900894
4.200152  0.00003897205
4.200983  0.00003893869
4.203185  0.00003885034
4.203227  0.00003884869
4.205307  0.00003876521
4.205309  0.00003876513
4.205324  0.00003876456
4.206727  0.00003870825
4.207255  0.00003868709
4.208272  0.00003864628
4.210296  0.00003856507
4.210325  0.00003856394
4.210361  0.00003856246
4.211888  0.00003850122
4.214324  0.00003840349
4.214625  0.00003839142
4.215758  0.00003834594
4.216038  0.00003833472
4.217449  0.0000382781
4.219146  0.00003821003
4.219203  0.00003820776
4.220217  0.00003816708
4.221002  0.0000381356
4.221757  0.00003810528
4.221813  0.00003810305
4.221821  0.00003810274
4.222  0.00003809554
4.222809  0.00003806311
4.223206  0.00003804718
4.225049  0.00003797321
4.225252  0.00003796508
4.227522  0.000037874
4.227554  0.00003787274
4.228084  0.00003785145
4.22854  0.00003783317
4.234144  0.00003760835
4.234588  0.00003759053
4.235708  0.00003754561
4.236223  0.00003752496
4.237872  0.00003745879
4.238197  0.00003744577
4.238934  0.0000374162
4.239526  0.00003739243
4.239878  0.00003737831
4.240416  0.00003735672
4.241434  0.00003731589
4.241688  0.00003730573
4.242108  0.00003728885
4.242357  0.00003727885
4.243568  0.00003723028
4.245854  0.00003713856
4.246152  0.00003712664
4.247621  0.00003706771
4.248576  0.00003702938
4.252201  0.00003688397
4.252339  0.00003687843
4.253328  0.00003683873
4.253896  0.00003681597
4.255316  0.00003675901
4.255864  0.000036737
4.255891  0.00003673593
4.258097  0.00003664741
4.258512  0.00003663076
4.263121  0.00003644589
4.263358  0.00003643636
4.26431  0.00003639818
4.265709  0.00003634205
4.265731  0.00003634116
4.266517  0.00003630963
4.266724  0.00003630133
4.267051  0.00003628821
4.267138  0.00003628474
4.267207  0.00003628195
4.267875  0.00003625517
4.268831  0.00003621682
4.269228  0.00003620087
4.270153  0.00003616376
4.270218  0.00003616114
4.270538  0.00003614831
4.274818  0.00003597662
4.275184  0.00003596583
4.275435  0.00003596107
4.277197  0.00003592768
4.277591  0.00003592021
4.281962  0.00003583737
4.284057  0.00003579764
4.28477  0.00003578413
4.285229  0.00003577544
4.28544  0.00003577144
4.286718  0.00003574722
4.287163  0.00003573878
4.287246  0.00003573721
4.287351  0.00003573522
4.287352  0.0000357352
4.290076  0.00003568357
4.291574  0.00003565517
4.292652  0.00003563474
4.293615  0.00003561649
4.293809  0.0000356128
4.297176  0.00003554898
4.300555  0.00003548495
4.301136  0.00003547392
4.303379  0.00003543142
4.303472  0.00003542966
4.304233  0.00003541523
4.305027  0.00003540018
4.305781  0.0000353859
4.312407  0.0000352603
4.312519  0.00003525818
4.313626  0.00003523719
4.314051  0.00003522914
4.31452  0.00003522025
4.317459  0.00003516454
4.318142  0.00003515159
4.318704  0.00003514095
4.320476  0.00003510734
4.320492  0.00003510706
4.32247  0.00003506956
4.322472  0.00003506953
4.323917  0.00003504213
4.32559  0.00003501042
4.32676  0.00003498824
4.327586  0.00003497259
4.327994  0.00003496485
4.328098  0.00003496289
4.330736  0.00003491287
4.332115  0.00003488674
4.332148  0.00003488613
4.332477  0.00003487989
4.336476  0.00003479808
4.337087  0.00003478534
4.337125  0.00003478452
4.338754  0.00003475054
4.342637  0.00003466951
4.343205  0.00003465766
4.345875  0.00003460194
4.348209  0.00003455325
4.352232  0.00003446929
4.353848  0.00003443557
4.354053  0.00003443131
4.354944  0.0000344127
4.35535  0.00003440423
4.355572  0.00003439961
4.355803  0.00003439478
4.355818  0.00003439448
4.355899  0.00003439278
4.356409  0.00003438215
4.356936  0.00003437115
4.357822  0.00003435266
4.358314  0.00003434238
4.358882  0.00003433053
4.367488  0.00003415096
4.368453  0.00003413082
4.368969  0.00003412006
4.372209  0.00003405244
4.372842  0.00003403923
4.372918  0.00003403766
4.372998  0.00003403597
4.375868  0.00003397609
4.376057  0.00003397215
4.377889  0.00003393392
4.37854  0.00003392034
4.380333  0.00003388292
4.38295  0.00003382831
4.384346  0.00003379919
4.385695  0.00003377103
4.389657  0.00003368837
4.389687  0.00003368773
4.39028  0.00003367535
4.390348  0.00003367394
4.390936  0.00003366167
4.391313  0.00003365381
4.391379  0.00003365243
4.39191  0.00003364136
4.393052  0.00003361752
4.393175  0.00003361495
4.39936  0.00003348589
4.399716  0.00003347846
4.401356  0.00003344425
4.401913  0.00003343262
4.402381  0.00003342285
4.402652  0.0000334172
4.402952  0.00003341094
4.403295  0.00003340377
4.405073  0.00003336668
4.405083  0.00003336646
4.405708  0.00003335343
4.406218  0.00003334278
4.406825  0.00003333012
4.408505  0.00003329506
4.408596  0.00003329316
4.409327  0.00003327792
4.409693  0.00003327028
4.412388  0.00003321404
4.41309  0.0000331994
4.414334  0.00003317343
4.414646  0.00003316691
4.415383  0.00003315155
4.418143  0.00003309395
4.418757  0.00003308114
4.419098  0.00003307402
4.419879  0.00003305772
4.42207  0.00003301201
4.423713  0.00003297773
4.425301  0.00003294459
4.426229  0.00003292522
4.427564  0.00003289736
4.427645  0.00003289568
4.428992  0.00003286951
4.430553  0.00003284154
4.430766  0.00003283772
4.431995  0.0000328157
4.43651  0.00003273479
4.43729  0.00003272082
4.43793  0.00003270934
4.438282  0.00003270303
4.438329  0.0000327022
4.4406  0.00003266151
4.440666  0.00003266033
4.441046  0.00003265351
4.444654  0.00003258885
4.444787  0.00003258648
4.445298  0.00003257731
4.445813  0.00003256809
4.445957  0.0000325655
4.446325  0.00003255892
4.447079  0.00003254541
4.447522  0.00003253747
4.447987  0.00003252914
4.451589  0.00003246459
4.452254  0.00003245267
4.453257  0.00003243469
4.453943  0.0000324224
4.454359  0.00003241495
4.454407  0.00003241409
4.457778  0.00003235369
4.458867  0.00003233418
4.460641  0.00003230239
4.460866  0.00003229836
4.466093  0.00003220469
4.466172  0.00003220327
4.466178  0.00003220316
4.467257  0.00003218384
4.468097  0.00003216877
4.46921  0.00003214884
4.470808  0.00003212021
4.471233  0.00003211258
4.471569  0.00003210656
4.475281  0.00003204004
4.476508  0.00003201806
4.477324  0.00003200345
4.477361  0.00003200278
4.477424  0.00003200165
4.477446  0.00003200126
4.478156  0.00003198854
4.479048  0.00003197254
4.481388  0.00003193061
4.485075  0.00003186454
4.48518  0.00003186266
4.485546  0.0000318561
4.485901  0.00003184975
4.486731  0.00003183487
4.488225  0.0000318081
4.491115  0.00003175632
4.491223  0.00003175438
4.493093  0.00003172088
4.493174  0.00003171942
4.495042  0.00003168596
4.495097  0.00003168496
4.495957  0.00003166956
4.496212  0.00003166498
4.49659  0.00003165821