1.000417  0.009564321
1.00216  0.009505424
1.003799  0.009450081
1.003937  0.009445407
1.004116  0.009439379
1.004279  0.009433882
1.005062  0.009407434
1.006176  0.009369778
1.012776  0.009146864
1.013079  0.009136629
1.013648  0.009117418
1.013756  0.009113761
1.016789  0.00901131
1.018459  0.008954904
1.018512  0.008953129
1.01888  0.008940682
1.019049  0.008934986
1.021511  0.008854232
1.022707  0.00881693
1.023117  0.008804149
1.024871  0.008749472
1.025708  0.008723355
1.027137  0.00867879
1.028177  0.00864638
1.030102  0.008586344
1.030374  0.008577875
1.032202  0.008520877
1.03307  0.008493786
1.033649  0.00847573
1.035549  0.008416486
1.035589  0.00841524
1.036527  0.008386006
1.037339  0.008360681
1.038717  0.008317728
1.041055  0.008244809
1.041226  0.008239491
1.042285  0.008206467
1.043355  0.008173092
1.046862  0.008063757
1.04694  0.008061325
1.048266  0.008019971
1.048326  0.008018079
1.050248  0.007959728
1.054654  0.00785007
1.057214  0.007786372
1.057258  0.007785276
1.05813  0.007763579
1.058666  0.007750245
1.059357  0.00773304
1.060351  0.007708305
1.060547  0.007703418
1.061075  0.007690296
1.062551  0.007653553
1.062817  0.007646928
1.063343  0.007633847
1.063487  0.007630252
1.063924  0.007619388
1.064453  0.007606234
1.064938  0.007594154
1.066455  0.007556394
1.067025  0.007542209
1.067634  0.007527069
1.070839  0.007447315
1.07298  0.007394032
1.073748  0.007374913
1.073936  0.007370247
1.07461  0.007353464
1.074799  0.007348767
1.074832  0.007347939
1.076646  0.007302793
1.077784  0.007274476
1.078369  0.00725992
1.078626  0.007253528
1.079712  0.007226488
1.080526  0.007206244
1.082781  0.007150112
1.083007  0.007144499
1.083506  0.007132086
1.08374  0.007126262
1.084108  0.007117091
1.084284  0.007112708
1.085883  0.00707292
1.087517  0.007032256
1.087526  0.007032045
1.088447  0.007009129
1.089949  0.006971753
1.090215  0.006965127
1.092588  0.00690607
1.092962  0.006896757
1.093341  0.006887332
1.095804  0.006826031
1.097459  0.006784851
1.097995  0.00677151
1.098001  0.006771372
1.09922  0.006741041
1.100756  0.006702808
1.100901  0.006699198
1.101367  0.006687605
1.104376  0.006631921
1.106154  0.006599404
1.107374  0.006577104
1.107881  0.006567835
1.10821  0.006561837
1.108912  0.006548995
1.109627  0.006535932
1.110547  0.006519107
1.1117  0.006498027
1.11213  0.006490171
1.112975  0.00647473
1.112991  0.006474432
1.114976  0.006438141
1.116131  0.006417028
1.116535  0.006409651
1.117965  0.00638351
1.11923  0.006360385
1.119462  0.006356147
1.120062  0.006345172
1.12272  0.006296594
1.122827  0.006294647
1.122915  0.006293023
1.124761  0.006259288
1.125993  0.006236765
1.12646  0.006228225
1.128207  0.006196289
1.133288  0.006103417
1.136537  0.006044031
1.137627  0.006024095
1.138292  0.006011951
1.138835  0.006002027
1.140342  0.005974479
1.14131  0.005956778
1.142607  0.005933067
1.143431  0.005918015
1.143476  0.005917184
1.143902  0.00590939
1.144059  0.005906527
1.144279  0.005902498
1.144479  0.005898855
1.145111  0.005887299
1.145873  0.005873363
1.146664  0.005858901
1.146911  0.005854387
1.147824  0.005837713
1.14837  0.00582773
1.149008  0.005816069
1.150269  0.005793009
1.151752  0.005765904
1.155795  0.005692005
1.155929  0.005689556
1.157258  0.005665264
1.157538  0.005660736
1.158882  0.005640458
1.161299  0.005604016
1.161657  0.005598617
1.16223  0.005589975
1.162336  0.005588381
1.164957  0.005548864
1.165977  0.005533481
1.168881  0.005489689
1.169067  0.00548689
1.170019  0.005472539
1.176244  0.005378677
1.176822  0.00536995
1.17878  0.005340426
1.179175  0.005334473
1.179817  0.005324789
1.18084  0.005309375
1.181509  0.005299277
1.182939  0.005277714
1.183749  0.005265503
1.184583  0.005252927
1.186499  0.005224045
1.187374  0.00521085
1.187527  0.005208542
1.187882  0.005203178
1.187907  0.005202812
1.188065  0.005200433
1.188984  0.005186563
1.191743  0.005144961
1.193251  0.005122232
1.193703  0.005115417
1.194074  0.005109823
1.194134  0.005108914
1.194867  0.005097854
1.19502  0.005095559
1.197023  0.005065348
1.197974  0.005051016
1.199576  0.005026851
1.200753  0.005009114
1.20086  0.005007499
1.201005  0.005005312
1.201717  0.004994574
1.20396  0.004960755
1.205287  0.004940738
1.206353  0.004924675
1.208924  0.004885904
1.210147  0.004867468
1.211663  0.004844604
1.215709  0.004790666
1.21702  0.00477465
1.217378  0.004770282
1.217815  0.004764941
1.218215  0.004760052
1.21873  0.004753757
1.21879  0.004753031
1.221884  0.004715231
1.223006  0.004701521
1.223039  0.00470112
1.223934  0.004690179
1.224273  0.004686044
1.224645  0.00468149
1.226856  0.004654481
1.227513  0.004646449
1.228048  0.004639911
1.229432  0.004623002
1.230706  0.004607445
1.231614  0.004596348
1.235478  0.004549136
1.23634  0.004538611
1.236953  0.004531119
1.239324  0.004502145
1.239636  0.004498336
1.240075  0.004492973
1.241333  0.00447761
1.241984  0.00446965
1.242532  0.00446295
1.243674  0.004449008
1.24372  0.004448443
1.243886  0.004446416
1.245627  0.004425136
1.245641  0.004424976
1.248061  0.004395407
1.248504  0.004389988
1.248951  0.004384534
1.249338  0.004379797
1.249571  0.004376957
1.254803  0.004313029
1.256485  0.004292481
1.256577  0.004291354
1.256996  0.004286236
1.257009  0.004286082
1.25977  0.004252342
1.259817  0.004251775
1.260598  0.004242228
1.260971  0.004237671
1.264186  0.004198398
1.264873  0.004189995
1.265158  0.004186514
1.266256  0.004173097
1.268488  0.004145838
1.268553  0.004145044
1.271389  0.004110384
1.274472  0.004076127
1.274664  0.004074475
1.274996  0.004071613
1.276679  0.004057128
1.276725  0.004056729
1.279562  0.004032311
1.281812  0.004012937
1.282168  0.004009874
1.284084  0.003993383
1.28462  0.003988763
1.287095  0.003967456
1.287603  0.003963088
1.287823  0.003961196
1.288274  0.003957312
1.290448  0.003938592
1.291318  0.003931107
1.291431  0.003930133
1.291529  0.003929288
1.291894  0.003926147
1.293048  0.003916213
1.2961  0.003889939
1.296745  0.00388439
1.297084  0.003881467
1.298021  0.003873403
1.298163  0.003872178
1.299867  0.003857513
1.299881  0.003857393
1.301189  0.003846131
1.30222  0.003837259
1.304518  0.003817471
1.305546  0.003808628
1.306995  0.003796146
1.30883  0.003780355
1.310651  0.00376468
1.31209  0.00375229
1.312474  0.003748983
1.313361  0.003741351
1.313446  0.003740613
1.31739  0.003706669
1.32121  0.003673778
1.321846  0.003668304
1.323554  0.003653601
1.323698  0.003652361
1.323943  0.003650252
1.324109  0.003648825
1.32769  0.003617996
1.327811  0.003616955
1.332842  0.003573647
1.334553  0.003558917
1.33525  0.003552919
1.335785  0.003548308
1.335906  0.003547274
1.33742  0.003534233
1.337702  0.003531807
1.339929  0.003512642
1.341597  0.003498278
1.343876  0.003478658
1.345332  0.003466963
1.345877  0.003462648
1.347081  0.003453116
1.347109  0.003452891
1.348133  0.003444787
1.348812  0.003439409
1.34999  0.003430079
1.351163  0.003420792
1.35193  0.003414716
1.352324  0.003411598
1.355072  0.00338984
1.357451  0.003371005
1.35975  0.003352801
1.360577  0.003346245
1.361139  0.003341801
1.361442  0.003339396
1.363227  0.003325264
1.36536  0.003308372
1.366783  0.003297109
1.367748  0.00328947
1.36834  0.003284782
1.369325  0.003276982
1.369667  0.003274274
1.370358  0.003268798
1.371482  0.0032599
1.372929  0.003248439
1.373253  0.003245877
1.37333  0.003245266
1.374512  0.003235907
1.374696  0.003234449
1.375074  0.003231455
1.375076  0.003231444
1.376803  0.003217764
1.377668  0.003210914
1.3787  0.003202746
1.38276  0.003170598
1.383739  0.003162841
1.385483  0.003149036
1.387588  0.00313237
1.389821  0.003114682
1.392222  0.003095673
1.392898  0.00309032
1.393289  0.003087227
1.395937  0.003066258
1.398337  0.00304725
1.399701  0.00303645
1.401794  0.003019882
1.403038  0.00301003
1.404486  0.002998558
1.405312  0.002992018
1.406245  0.002985288
1.406585  0.002983209
1.407432  0.002978023
1.408289  0.002972781
1.410357  0.002960129
1.410615  0.002958551
1.412995  0.002943994
1.414491  0.002934841
1.417189  0.002918337
1.41741  0.002916989
1.421291  0.002893245
1.421458  0.002892225
1.422282  0.00288718
1.424893  0.002871209
1.426666  0.002860365
1.428603  0.002848514
1.430049  0.002839669
1.431135  0.002833027
1.431879  0.002828471
1.432327  0.00282573
1.433825  0.002816569
1.434068  0.002815082
1.43493  0.002809808
1.436237  0.002801815
1.43672  0.002798856
1.437222  0.002795786
1.437498  0.002794098
1.43761  0.002793416
1.437995  0.002791059
1.440634  0.002774917
1.440704  0.002774487
1.441682  0.002768504
1.443852  0.00275523
1.446817  0.002737092
1.446888  0.00273666
1.447834  0.002730872
1.449331  0.00272171
1.451295  0.0027097
1.453379  0.00269695
1.45338  0.002696942
1.453807  0.002694332
1.454316  0.00269122
1.454564  0.002689699
1.454929  0.002687465
1.454944  0.002687375
1.455574  0.00268352
1.459109  0.002661899
1.459607  0.002658849
1.46042  0.002653876
1.460619  0.002652657
1.461489  0.002647338
1.462166  0.002643195
1.463881  0.002632702
1.464434  0.002629319
1.464652  0.002627989
1.465537  0.002622573
1.46688  0.002614358
1.467796  0.002608756
1.470277  0.002593579
1.470429  0.002592646
1.471294  0.002588127
1.473579  0.002576635
1.47768  0.002556017
1.481781  0.002535398
1.48392  0.002524648
1.48427  0.002522886
1.484801  0.002520217
1.485258  0.00251792
1.48622  0.002513081
1.487958  0.002504345
1.488958  0.002499317
1.490604  0.002491043
1.492238  0.002482829
1.493879  0.002474578
1.49472  0.002470348
1.49502  0.002468838
1.497513  0.002456306
1.50166  0.002435459
1.502884  0.002429301
1.504922  0.002419056
1.505051  0.00241841
1.506895  0.00240914
1.507182  0.002407694
1.507479  0.002406199
1.508  0.002403582
1.511562  0.002385671
1.513229  0.002377294
1.514107  0.002372876
1.517154  0.00235756
1.518954  0.002348508
1.51915  0.002347523
1.520222  0.002342136
1.520374  0.002341369
1.521713  0.002334638
1.521855  0.002333922
1.521916  0.002333617
1.522094  0.002332722
1.522762  0.002329365
1.522858  0.002328881
1.524441  0.002320923
1.524499  0.00232063
1.527731  0.00230438
1.528051  0.002302773
1.529978  0.002293087
1.531226  0.002286812
1.53212  0.002282315
1.532979  0.002278
1.533492  0.002275419
1.538578  0.002250605
1.539359  0.002247001
1.539876  0.002244616
1.541158  0.002238707
1.541256  0.002238253
1.541539  0.002236949
1.543059  0.002229939
1.544724  0.002222263
1.546708  0.002213115
1.546813  0.002212629
1.548648  0.00220417
1.548663  0.002204097
1.550425  0.002195974
1.551408  0.002191442
1.551441  0.002191291
1.551751  0.002189861
1.554413  0.002177583
1.555895  0.00217075
1.557905  0.00216148
1.558151  0.002160347
1.559061  0.002156151
1.559757  0.002152943
1.560448  0.002149756
1.560738  0.002148418
1.561702  0.00214397
1.561756  0.002143725
1.562095  0.002142162
1.564626  0.002130487
1.565259  0.002127569
1.565781  0.002125161
1.566475  0.002121962
1.56775  0.002116085
1.569232  0.002109251
1.56944  0.002108291
1.569891  0.002106212
1.571744  0.002097667
1.571866  0.002097105
1.572544  0.002093978
1.572649  0.002093494
1.573233  0.002090799
1.573472  0.002089697
1.574511  0.002084906
1.574631  0.002084354
1.575823  0.002078855
1.577045  0.002073222
1.577626  0.002070545
1.581015  0.002054915
1.58359  0.002043043
1.583706  0.002042507
1.58705  0.002027086
1.588263  0.002021491
1.589139  0.002017454
1.589197  0.002017187
1.590334  0.002011941
1.59189  0.002004768
1.59229  0.002002921
1.593557  0.00199708
1.596206  0.001985611
1.596342  0.001985148
1.599124  0.001975673
1.599613  0.001974008
1.600116  0.001972294
1.600219  0.001971945
1.602423  0.001964438
1.606189  0.001951614
1.606242  0.001951433
1.607801  0.001946122
1.60815  0.001944936
1.609344  0.001940867
1.610039  0.001938501
1.610714  0.001936201
1.610948  0.001935405
1.611066  0.001935005
1.6118  0.001932505
1.612192  0.001931168
1.612251  0.001930968
1.612284  0.001930857
1.614935  0.00192183
1.616405  0.001916821
1.617257  0.001913922
1.61868  0.001909074
1.622994  0.001894383
1.624702  0.001888565
1.627927  0.001877583
1.628724  0.00187487
1.628761  0.001874743
1.632092  0.0018634
1.632224  0.001862952
1.632664  0.001861453
1.633791  0.001857613
1.638947  0.001840056
1.640124  0.001836048
1.640336  0.001835323
1.640632  0.001834317
1.641468  0.001831468
1.643519  0.001824486
1.644098  0.001822513
1.644285  0.001821876
1.644606  0.001820784
1.644659  0.001820602
1.64484  0.001819986
1.645993  0.001816061
1.648199  0.001808546
1.648334  0.001808087
1.648808  0.001806473
1.652025  0.001795517
1.652303  0.00179457
1.652611  0.001793522
1.654248  0.001787946
1.656096  0.001781654
1.657621  0.001776459
1.65921  0.001771048
1.659761  0.001769171
1.659791  0.001769072
1.661235  0.001764152
1.66296  0.001758277
1.663601  0.001756256
1.664211  0.001754445
1.665201  0.00175151
1.665931  0.001749346
1.666048  0.001748996
1.667228  0.001745498
1.6707  0.001735197
1.671041  0.001734188
1.671242  0.001733591
1.678172  0.001713035
1.679669  0.001708594
1.681786  0.001702314
1.682368  0.001700588
1.683287  0.001697863
1.684554  0.001694105
1.685552  0.001691143
1.685847  0.001690269
1.68684  0.001687324
1.687024  0.001686778
1.688687  0.001681844
1.689336  0.00167992
1.689849  0.001678397
1.690473  0.001676549
1.697525  0.001655628
1.698344  0.001653199
1.698645  0.001652306
1.69913  0.00165087
1.702762  0.001640094
1.703249  0.001638652
1.703755  0.00163715
1.704233  0.001635731
1.704311  0.001635501
1.707106  0.001627209
1.708096  0.001624275
1.708272  0.001623751
1.710472  0.001617225
1.711934  0.001612888
1.71405  0.001606612
1.714503  0.001605269
1.714508  0.001605255
1.715081  0.001603555
1.715353  0.001602746
1.720972  0.001586079
1.721049  0.00158585
1.722927  0.001580282
1.7243  0.001576208
1.726084  0.001570917
1.727361  0.001567128
1.727656  0.001566252
1.72886  0.001562684
1.729147  0.001561831
1.730097  0.001559316
1.730289  0.001558834
1.730593  0.001558066
1.732231  0.001553934
1.732476  0.001553316
1.733046  0.001551876
1.733758  0.001550082
1.736109  0.001544149
1.737581  0.001540437
1.741489  0.001530578
1.742224  0.001528723
1.744306  0.00152347
1.745659  0.001520058
1.746245  0.001518579
1.74663  0.001517609
1.746925  0.001516865
1.748521  0.001512838
1.749746  0.001509747
1.751149  0.001506207
1.751624  0.001505009
1.751953  0.00150418
1.752374  0.001503117
1.756278  0.001493269
1.75637  0.001493037
1.756578  0.00149251
1.757066  0.00149128
1.757696  0.00148969
1.758632  0.001487328
1.759548  0.001485019
1.759603  0.001484881
1.761015  0.001481318
1.762535  0.001477484
1.763113  0.001476024
1.763371  0.001475374
1.763896  0.001474049
1.764166  0.001473368
1.764276  0.001473092
1.764449  0.001472655
1.768102  0.001463439
1.769263  0.001460511
1.77156  0.001454715
1.773178  0.001450634
1.775347  0.00144516
1.777121  0.001440685
1.777469  0.001439807
1.777487  0.001439762
1.778369  0.001437536
1.77962  0.001434381
1.781198  0.0014304
1.781619  0.001429337
1.783707  0.001424072
1.784003  0.001423325
1.786925  0.001415954
1.787725  0.001413935
1.788058  0.001413094
1.788133  0.001412904
1.788659  0.001411577
1.789673  0.001409019
1.791886  0.001403438
1.792134  0.001402811
1.792281  0.00140244
1.79232  0.001402342
1.792868  0.00140096
1.793318  0.001399824
1.793408  0.001399597
1.793606  0.001399098
1.793664  0.001398952
1.794204  0.001397589
1.795823  0.001393505
1.797322  0.001389724
1.797775  0.00138858
1.797857  0.001388374
1.798799  0.001386099
1.798852  0.001385985
1.799539  0.001384513
1.800592  0.001382256
1.80083  0.001381748
1.801822  0.001379621
1.802294  0.00137861
1.802631  0.001377889
1.805357  0.001372046
1.806757  0.001369046
1.8075  0.001367454
1.807914  0.001366568
1.809914  0.001362281
1.810608  0.001360794
1.810701  0.001360596
1.811483  0.001358919
1.812676  0.001356364
1.814766  0.001351885
1.816559  0.001348042
1.81668  0.001347783
1.817221  0.001346623
1.817772  0.001345442
1.818731  0.001343387
1.81897  0.001342876
1.819806  0.001341084
1.820389  0.001339835
1.82323  0.001333748
1.824155  0.001331766
1.824763  0.001330463
1.82686  0.001325968
1.827691  0.001324188
1.827792  0.001323972
1.828678  0.001322073
1.831175  0.001316723
1.831369  0.001316306
1.831812  0.001315357
1.83195  0.001315061
1.832344  0.001314217
1.833179  0.001312427
1.833692  0.001311328
1.837778  0.001302572
1.839114  0.001299711
1.839666  0.001298528
1.841619  0.001294343
1.84387  0.001289518
1.844101  0.001289025
1.845835  0.001285309
1.850199  0.001275957
1.851244  0.001273717
1.854347  0.001267068
1.857366  0.001260598
1.858697  0.001257746
1.859537  0.001255946
1.860321  0.001254266
1.860969  0.001252878
1.861112  0.001252573
1.862227  0.001250183
1.86275  0.001249062
1.864607  0.001245082
1.864625  0.001245044
1.864636  0.00124502
1.86589  0.001242334
1.86685  0.001240275
1.869878  0.001233787
1.870413  0.001232642
1.871058  0.001231259
1.871261  0.001230824
1.872504  0.001228161
1.873484  0.00122606
1.874968  0.001223161
1.875326  0.001222463
1.87553  0.001222066
1.877338  0.001218543
1.87998  0.001213397
1.881225  0.001210973
1.881581  0.00121028
1.882528  0.001208434
1.882849  0.001207809
1.883049  0.00120742
1.883109  0.001207303
1.883479  0.001206583
1.883714  0.001206124
1.885176  0.001203277
1.885844  0.001201976
1.885995  0.001201681
1.886674  0.001200359
1.889129  0.001195577
1.889502  0.001194851
1.891246  0.001191453
1.891894  0.001190191
1.892517  0.001188978
1.893659  0.001186753
1.893839  0.001186402
1.894861  0.001184412
1.89544  0.001183283
1.896128  0.001181943
1.897297  0.001179666
1.898298  0.001177716
1.89867  0.001176993
1.900396  0.00117363
1.900484  0.001173459
1.90093  0.001172589
1.901199  0.001172066
1.901944  0.001170614
1.903399  0.00116778
1.905029  0.001164605
1.907078  0.001160614
1.907468  0.001159854
1.907488  0.001159817
1.907708  0.001159387
1.908243  0.001158346
1.911218  0.00115255
1.912891  0.001149291
1.915824  0.001143579
1.916197  0.001142852
1.917611  0.001140098
1.920791  0.001133904
1.922536  0.001130503
1.922612  0.001130356
1.923344  0.001128931
1.924154  0.001127353
1.925402  0.001124922
1.926235  0.001123299
1.928542  0.001118806
1.929645  0.001116658
1.929714  0.001116522
1.929808  0.00111634
1.930396  0.001115193
1.931022  0.001113975
1.931272  0.001113487
1.932169  0.001111741
1.932908  0.0011103
1.933634  0.001108886
1.934206  0.001107772
1.934978  0.001106269
1.93539  0.001105466
1.936523  0.001103259
1.937719  0.00110093
1.938232  0.001099931
1.939509  0.001097444
1.940807  0.001094914
1.943429  0.001091039
1.944033  0.001090192
1.945626  0.00108796
1.947785  0.001084934
1.947913  0.001084754
1.948317  0.001084188
1.952585  0.001078207
1.952926  0.001077729
1.955068  0.001074727
1.955124  0.001074649
1.955996  0.001073426
1.960676  0.001066869
1.961362  0.001065907
1.962763  0.001063943
1.964052  0.001062137
1.969504  0.001054497
1.970097  0.001053666
1.970279  0.001053411
1.971364  0.001051891
1.971546  0.001051635
1.972781  0.001049905
1.974011  0.001048181
1.97508  0.001046684
1.976011  0.001045379
1.978256  0.001042233
1.979063  0.001041102
1.979804  0.001040063
1.987474  0.001029314
1.988567  0.001027783
1.9896  0.001026335
1.990661  0.001024848
1.990935  0.001024464
1.994689  0.001019203
1.995171  0.001018527
1.995838  0.001017593
1.995893  0.001017515
1.997749  0.001014914
1.998436  0.001013953
1.999319  0.001012715
2.00035  0.00101127
2.000594  0.001010928
2.00256  0.001008172
2.003859  0.001006352
2.004122  0.001005984
2.007502  0.001001247
2.009175  0.000998903
2.009364  0.0009986376
2.011186  0.0009960844
2.012899  0.0009935543
2.0146  0.0009909769
2.014758  0.0009907373
2.015069  0.0009902655
2.016384  0.0009882731
2.016938  0.0009874337
2.018434  0.0009851671
2.019011  0.000984292
2.020694  0.000981741
2.024896  0.0009753731
2.026358  0.0009731586
2.028428  0.0009700206
2.030177  0.0009673697
2.031876  0.0009647962
2.032837  0.0009633396
2.035017  0.0009600361
2.036114  0.0009583729
2.036628  0.0009575939
2.036813  0.0009573135
2.037645  0.0009560524
2.038899  0.0009541527
2.042089  0.0009493177
2.042741  0.0009483309
2.042758  0.0009483039
2.044391  0.0009458303
2.046147  0.0009431688
2.04638  0.0009428158
2.048597  0.0009394556
2.049362  0.0009382967
2.051218  0.0009354838
2.052316  0.0009338203
2.054066  0.000931167
2.054634  0.0009303064
2.054984  0.0009297763
2.056841  0.0009269623
2.056924  0.0009268366
2.057499  0.0009259649
2.058351  0.0009246732
2.059135  0.0009234862
2.059511  0.0009229161
2.061305  0.0009201977
2.062312  0.0009186706
2.062624  0.0009181981
2.065256  0.0009142092
2.065985  0.0009131047
2.068803  0.0009088346
2.068931  0.0009086411
2.069597  0.0009076317
2.070354  0.0009064843
2.072353  0.0009034541
2.07302  0.0009024436
2.07345  0.0009017926
2.074517  0.0009001755
2.074848  0.0008996735
2.075174  0.0008991788
2.076482  0.0008971968
2.076792  0.0008967267
2.078165  0.0008946468
2.078399  0.0008942919
2.079164  0.0008931331
2.080365  0.0008913129
2.082868  0.0008877644
2.085021  0.0008855249
2.085048  0.0008854971
2.085324  0.00088521
2.085718  0.0008847999
2.088987  0.0008814008
2.089006  0.0008813807
2.089552  0.0008808127
2.090957  0.000879352
2.091603  0.0008786799
2.09182  0.0008784542
2.092177  0.0008780831
2.094996  0.000875151
2.095956  0.0008741527
2.096207  0.0008738916
2.096394  0.0008736976
2.097154  0.0008729075
2.098158  0.0008718628
2.099222  0.0008707558
2.102717  0.0008671218
2.103044  0.0008667819
2.106083  0.000863621
2.107988  0.0008616398
2.108795  0.0008608005
2.108799  0.0008607967
2.112646  0.0008567956
2.114927  0.000854423
2.118915  0.0008502754
2.122796  0.0008462395
2.124033  0.0008449526
2.125439  0.0008434905
2.12828  0.0008405357
2.12985  0.0008389029
2.130015  0.0008387315
2.132189  0.0008364711
2.135357  0.0008331757
2.138126  0.0008302963
2.141396  0.0008268959
2.143081  0.0008251436
2.143695  0.0008245044
2.14383  0.0008243645
2.144469  0.0008237
2.145658  0.0008224636
2.146093  0.0008220102
2.146114  0.0008219886
2.146222  0.0008218767
2.147183  0.0008208767
2.151012  0.0008168948
2.152119  0.0008157436
2.153308  0.000814507
2.154234  0.0008135442
2.15488  0.0008128724
2.15723  0.0008103745
2.1583  0.0008092187
2.158699  0.0008087879
2.159216  0.0008082297
2.161771  0.0008054692
2.162089  0.0008051259
2.163912  0.0008031571
2.164172  0.0008028766
2.165464  0.0008014811
2.167264  0.0007995369
2.168213  0.0007985123
2.168687  0.0007979997
2.168841  0.000797834
2.169548  0.0007970694
2.169889  0.0007967018
2.17026  0.0007963011
2.171323  0.0007951523
2.17256  0.000793817
2.175336  0.0007908181
2.17668  0.0007893667
2.177731  0.0007882314
2.178936  0.0007869306
2.179102  0.000786751
2.179167  0.0007866808
2.180501  0.0007852402
2.181867  0.0007837643
2.183198  0.0007823268
2.184158  0.0007812898
2.184804  0.0007805925
2.185935  0.000779371
2.188021  0.0007771173
2.188245  0.0007768758
2.188733  0.0007763487
2.192399  0.0007723889
2.193548  0.0007711482
2.194516  0.000770103
2.196967  0.0007674557
2.198219  0.0007661026
2.198879  0.0007653901
2.200388  0.00076376
2.200462  0.0007636801
2.200943  0.0007631614
2.20125  0.000762829
2.204266  0.0007595724
2.205805  0.0007579101
2.209661  0.0007537454
2.21172  0.0007515215
2.212301  0.0007508937
2.214142  0.0007489053
2.214676  0.0007483286
2.214763  0.0007482347
2.215322  0.0007476309
2.215401  0.000747545
2.215999  0.0007468991
2.216582  0.0007462696
2.216881  0.0007459472
2.217103  0.0007457075
2.218318  0.0007443945
2.218977  0.0007436833
2.220874  0.0007416767
2.227299  0.0007356956
2.228218  0.0007348408
2.22931  0.0007338243
2.229424  0.0007337177
2.230854  0.0007323873
2.232084  0.0007312423
2.234044  0.0007294174
2.234109  0.0007293574
2.234608  0.0007288927
2.240488  0.0007234187
2.245668  0.0007185976
2.247642  0.0007167601
2.248662  0.0007158106
2.248812  0.0007156706
2.248874  0.0007156127
2.250247  0.0007143353
2.250865  0.0007137592
2.251207  0.0007134415
2.251601  0.000713075
2.256091  0.0007088952
2.256133  0.000708856
2.256836  0.0007082017
2.2602  0.0007050702
2.2608  0.0007045118
2.263381  0.0007021092
2.263476  0.0007020208
2.263653  0.0007018563
2.264717  0.0007008653
2.265437  0.0007001957
2.269238  0.000696657
2.27011  0.0006958451
2.271268  0.0006947679
2.273048  0.0006931102
2.27403  0.0006921967
2.274567  0.0006916965
2.274762  0.0006915153
2.275309  0.0006910058
2.275637  0.0006907006
2.275952  0.0006904078
2.276053  0.0006903132
2.277184  0.0006892606
2.278489  0.0006880459
2.278667  0.0006878804
2.279077  0.0006874986
2.281654  0.0006850997
2.284431  0.0006825148
2.285016  0.0006819702
2.286054  0.0006810043
2.290127  0.000677213
2.290298  0.0006770535
2.291083  0.0006763223
2.292944  0.0006746302
2.294097  0.0006737097
2.294818  0.0006731345
2.294998  0.0006729909
2.296516  0.0006717804
2.296589  0.0006717217
2.298407  0.0006702712
2.300916  0.0006682693
2.301167  0.0006680694
2.303313  0.0006663568
2.304133  0.0006657025
2.309606  0.0006613366
2.310039  0.0006609904
2.310196  0.0006608656
2.31041  0.0006606951
2.311019  0.0006602086
2.311929  0.0006594828
2.312247  0.0006592288
2.313147  0.0006585109
2.313326  0.0006583679
2.317192  0.0006552837
2.319424  0.0006535027
2.321011  0.0006522365
2.321514  0.0006518358
2.323278  0.0006504279
2.323851  0.0006499705
2.32455  0.0006494129
2.326099  0.0006481776
2.326393  0.0006479428
2.32923  0.0006456797
2.330038  0.0006450349
2.33158  0.0006438042
2.333549  0.0006422335
2.334169  0.0006417389
2.335822  0.0006404198
2.336674  0.0006397403
2.339895  0.0006371706
2.342482  0.0006351062
2.342708  0.0006349257
2.342775  0.0006348728
2.345422  0.0006327608
2.345488  0.0006327082
2.346298  0.0006320614
2.350223  0.0006289301
2.350561  0.0006286605
2.35095  0.0006283501
2.351049  0.000628271
2.351255  0.0006281068
2.352607  0.0006270283
2.35522  0.0006249432
2.355766  0.0006245073
2.355888  0.0006244102
2.356174  0.0006241822
2.35944  0.0006215762
2.359603  0.0006214461
2.364789  0.0006173085
2.364794  0.0006173045
2.36597  0.0006163665
2.366017  0.0006163293
2.367157  0.0006154193
2.368988  0.0006139587
2.369154  0.0006138308
2.369482  0.0006136123
2.369858  0.000613362
2.370584  0.0006128787
2.370974  0.0006126188
2.371044  0.0006125725
2.37173  0.0006121154
2.373217  0.0006111252
2.373995  0.0006106072
2.374179  0.0006104848
2.375937  0.000609314
2.376008  0.0006092668
2.376498  0.0006089402
2.376535  0.0006089153
2.376812  0.0006087314
2.3773  0.0006084058
2.380438  0.0006063162
2.381541  0.0006055822
2.382319  0.0006050638
2.382732  0.0006047887
2.385231  0.0006031244
2.386075  0.0006025626
2.38673  0.0006021261
2.387839  0.0006013877
2.387983  0.0006012919
2.39152  0.0005989365
2.392828  0.0005980656
2.396269  0.0005957735
2.397891  0.0005946939
2.399669  0.0005935093
2.399717  0.0005934777
2.400405  0.0005930193
2.401823  0.0005920751
2.402539  0.0005915986
2.404079  0.0005905732
2.404754  0.0005901234
2.404957  0.0005899882
2.405373  0.0005897112
2.40569  0.0005895
2.407165  0.0005885177
2.40862  0.0005875487
2.409536  0.0005869391
2.410937  0.0005860059
2.415876  0.0005827168
2.415946  0.0005826702
2.416755  0.0005821312
2.418796  0.0005807721
2.420345  0.0005797406
2.4235  0.0005776397
2.425016  0.00057663
2.425992  0.0005759802
2.426868  0.0005753967
2.428767  0.0005741323
2.429261  0.0005738028
2.430809  0.0005727719
2.432082  0.0005719247
2.432165  0.000571869
2.434406  0.0005705329
2.434637  0.0005703968
2.436375  0.0005693716
2.438167  0.0005683143
2.441231  0.0005665067
2.442779  0.0005655935
2.443028  0.0005654467
2.443617  0.0005650991
2.443911  0.0005649256
2.445302  0.0005641051
2.446821  0.0005632087
2.447157  0.0005630108
2.448705  0.0005620976
2.449061  0.0005618873
2.449601  0.000561569
2.451551  0.0005604185
2.452289  0.0005599833
2.455139  0.0005583017
2.455629  0.0005580129
2.455633  0.0005580108
2.456386  0.0005575664
2.456782  0.000557333
2.457347  0.0005569993
2.458546  0.0005562924
2.458717  0.000556191
2.459152  0.0005559348
2.459587  0.0005556781
2.461819  0.0005543614
2.462908  0.0005537192
2.463582  0.000553321
2.465715  0.0005520627
2.466871  0.0005513807
2.467457  0.0005510355
2.470191  0.0005494225
2.47086  0.000549028
2.47214  0.0005482726
2.478827  0.000544328
2.479354  0.0005440167
2.47963  0.0005438539
2.480736  0.0005432018
2.480996  0.0005430481
2.481486  0.0005427592
2.482972  0.0005418825
2.485115  0.0005406182
2.485332  0.0005404907
2.487379  0.0005392826
2.487837  0.0005390129
2.489461  0.0005380544
2.48989  0.0005378017
2.491676  0.0005367476
2.491929  0.0005365985
2.493576  0.0005356269
2.494059  0.0005353422
2.49814  0.0005329347
2.498668  0.0005326234
2.500275  0.000531675
2.501001  0.0005312466
2.501505  0.0005309496
2.503325  0.0005298759
2.503634  0.0005296936
2.503684  0.0005296642
2.504882  0.0005289572
2.505719  0.0005284633
2.506227  0.0005281637
2.506509  0.0005279977
2.506713  0.0005278773
2.50838  0.0005269395
2.508871  0.0005266716
2.509384  0.0005263916
2.510185  0.0005259546
2.510591  0.000525733
2.511386  0.0005252994
2.512359  0.0005247688
2.512778  0.0005245402
2.512928  0.0005244581
2.514592  0.0005235502
2.515711  0.0005229401
2.516227  0.0005226584
2.516853  0.0005223171
2.517779  0.0005218116
2.517795  0.0005218031
2.519393  0.0005209315
2.52139  0.0005198417
2.521622  0.0005197155
2.52329  0.0005188054
2.525391  0.000517659
2.527419  0.0005165529
2.527772  0.00051636
2.534086  0.0005129158
2.535285  0.0005122616
2.536651  0.0005115161
2.537631  0.0005109815
2.537881  0.000510845
2.539443  0.0005099931
2.539816  0.0005097893
2.540831  0.0005092356
2.540913  0.0005091912
2.541209  0.0005090298
2.543389  0.0005078406
2.544627  0.0005071651
2.545014  0.0005069538
2.547108  0.0005058114
2.548232  0.0005051983
2.548261  0.0005051822
2.552764  0.000502726
2.55394  0.0005020842
2.554041  0.0005020294
2.554212  0.0005019357
2.554453  0.0005018043
2.555322  0.0005013304
2.556009  0.0005009556
2.55871  0.0004994822
2.559544  0.0004990268
2.561268  0.0004980864
2.562001  0.0004976867
2.563226  0.0004970185
2.563261  0.0004969995
2.564785  0.0004961679
2.565141  0.0004959733
2.565162  0.0004959621
2.565878  0.0004955716
2.566323  0.0004953287
2.566461  0.0004952533
2.566859  0.0004950361
2.567334  0.0004947774
2.570079  0.0004932795
2.570369  0.0004931217
2.570898  0.0004928327
2.571863  0.0004923062
2.571898  0.0004922874
2.573396  0.0004914703
2.573989  0.0004911468
2.574721  0.0004907471
2.575513  0.0004903153
2.575846  0.0004901336
2.576036  0.0004900298
2.576391  0.000489836
2.577112  0.000489443
2.577922  0.0004890012
2.578746  0.0004885679
2.578867  0.0004885043
2.578902  0.0004884862
2.579296  0.0004882789
2.579314  0.0004882696
2.579542  0.0004881501
2.582616  0.0004865355
2.583878  0.0004858731
2.588037  0.0004836888
2.590875  0.0004821988
2.59216  0.0004815237
2.592212  0.0004814965
2.593563  0.000480787
2.593636  0.0004807488
2.594204  0.0004804501
2.594762  0.0004801571
2.59541  0.0004798172
2.596935  0.0004790162
2.597  0.0004789819
2.598115  0.0004783967
2.599211  0.0004778211
2.60115  0.0004768027
2.603227  0.0004757122
2.604807  0.0004748825
2.605936  0.0004742893
2.607428  0.0004735057
2.607639  0.000473395
2.607888  0.0004732644
2.609111  0.000472622
2.609123  0.0004726161
2.60979  0.0004722658
2.612639  0.0004707695
2.615132  0.0004694605
2.61566  0.0004691833
2.616033  0.0004689872
2.620186  0.0004668063
2.62071  0.000466531
2.623374  0.000465132
2.62449  0.0004645463
2.625763  0.0004638779
2.626487  0.0004634973
2.627087  0.0004631825
2.627273  0.0004630847
2.628494  0.0004624435
2.629764  0.0004617768
2.632347  0.0004604204
2.632849  0.0004601564
2.63415  0.0004594731
2.635818  0.0004585973
2.636605  0.0004581844
2.637377  0.0004577788
2.638072  0.0004574138
2.641262  0.0004557387
2.644977  0.0004537879
2.647196  0.0004526222
2.647307  0.0004525644
2.651268  0.0004505821
2.651629  0.0004504207
2.651894  0.0004503019
2.652231  0.0004501509
2.653625  0.0004495269
2.653763  0.0004494651
2.65428  0.0004492334
2.654974  0.0004489227
2.656767  0.0004481199
2.660813  0.0004463083
2.661556  0.0004459756
2.662505  0.0004455508
2.663203  0.0004452379
2.664281  0.0004447553
2.664388  0.0004447073
2.665595  0.000444167
2.667162  0.0004434653
2.669492  0.0004424218
2.670966  0.000441762
2.671397  0.0004415687
2.673678  0.0004405473
2.674275  0.0004402802
2.674279  0.0004402785
2.67515  0.0004398886
2.675705  0.00043964
2.676678  0.000439204
2.679323  0.0004380199
2.679822  0.0004377965
2.680913  0.0004373079
2.681107  0.0004372209
2.681149  0.0004372024
2.682578  0.0004365622
2.683119  0.00043632
2.683137  0.0004363122
2.684745  0.0004355921
2.684759  0.0004355855
2.685055  0.0004354531
2.686737  0.0004347002
2.687883  0.0004341867
2.690841  0.0004328624
2.692567  0.0004320896
2.693939  0.000431475
2.694356  0.0004312883
2.698487  0.0004294385
2.698689  0.0004293484
2.699576  0.0004289509
2.700094  0.0004287192
2.700568  0.0004285068
2.701941  0.000427892
2.703798  0.0004270604
2.704692  0.0004266602
2.707347  0.0004254714
2.709065  0.0004247022
2.712242  0.0004232795
2.714312  0.0004223526
2.714703  0.0004221774
2.715437  0.0004218489
2.718188  0.0004206169
2.71899  0.0004202577
2.724545  0.0004178901
2.724692  0.0004178278
2.725358  0.0004175443
2.727283  0.0004167245
2.728347  0.0004162719
2.728734  0.000416107
2.7289  0.0004160364
2.729902  0.0004156097
2.730379  0.0004154065
2.731807  0.0004147987
2.732582  0.0004144687
2.732763  0.0004143919
2.734142  0.0004138046
2.734545  0.0004136333
2.734929  0.0004134696
2.736394  0.0004128458
2.736683  0.0004127231
2.7384  0.0004119923
2.739618  0.0004114737
2.740963  0.0004109009
2.741054  0.0004108624
2.743731  0.0004097227
2.744502  0.0004093942
2.746229  0.0004086592
2.747139  0.0004082718
2.74729  0.0004082074
2.74779  0.0004079945
2.749514  0.0004072607
2.749708  0.0004071782
2.749848  0.0004071184
2.753426  0.0004055955
2.753747  0.0004054588
2.754185  0.0004052723
2.75444  0.0004051635
2.755288  0.0004048027
2.755627  0.0004046583
2.756394  0.0004043319
2.756706  0.000404199
2.758949  0.000403244
2.759524  0.0004029992
2.760277  0.0004026789
2.76036  0.0004026435
2.760493  0.000402587
2.761154  0.0004023057
2.761181  0.0004022939
2.762056  0.0004019213
2.763613  0.0004012585
2.764066  0.000401066
2.765138  0.0004006096
2.766733  0.0003999305
2.7677  0.0003995189
2.768246  0.0003992864
2.768353  0.0003992407
2.768867  0.0003990219
2.773129  0.0003972074
2.773519  0.0003970416
2.777257  0.0003954504
2.777627  0.0003952926
2.77857  0.0003948913
2.7802  0.0003941975
2.783584  0.0003927567
2.784009  0.0003925759
2.784221  0.0003924857
2.784742  0.000392264
2.787652  0.0003910249
2.788252  0.0003907695
2.788674  0.00039059
2.789444  0.0003902621
2.791875  0.0003892601
2.792861  0.0003888871
2.793246  0.0003887412
2.793439  0.0003886681
2.796237  0.000387609
2.796794  0.0003873982
2.796911  0.0003873539
2.797165  0.0003872576
2.80189  0.0003854688
2.80409  0.000384636
2.80416  0.0003846095
2.80548  0.0003841099
2.806214  0.0003838322
2.806619  0.0003836787
2.807246  0.0003834414
2.809318  0.0003826572
2.809446  0.0003826085
2.809753  0.0003824922
2.810093  0.0003823636
2.810728  0.0003821231
2.812505  0.0003814508
2.814697  0.0003806207
2.815045  0.000380489
2.816885  0.0003797924
2.817211  0.000379669
2.81725  0.0003796543
2.817334  0.0003796227
2.819375  0.0003788499
2.825771  0.0003764285
2.8263  0.0003762283
2.82647  0.000376164
2.826544  0.0003761359
2.829134  0.0003751555
2.830156  0.0003747687
2.830764  0.0003745387
2.833035  0.0003736789
2.835103  0.000372896
2.835805  0.0003726302
2.836018  0.0003725495
2.83794  0.0003718219
2.839788  0.0003711224
2.840129  0.0003709932
2.840728  0.0003707666
2.842658  0.0003700358
2.84408  0.0003694975
2.844933  0.0003691746
2.845106  0.0003691092
2.84585  0.0003688275
2.846188  0.0003686994
2.846205  0.0003686931
2.846712  0.0003685011
2.847012  0.0003683878
2.848284  0.000367906
2.848821  0.0003677028
2.850903  0.0003669146
2.853043  0.0003661044
2.853046  0.0003661033
2.855579  0.0003651448
2.855827  0.0003650508
2.856335  0.0003648583
2.858517  0.0003640325
2.858608  0.0003639978
2.860368  0.0003633317
2.861863  0.0003627746
2.862445  0.0003626071
2.862785  0.0003625093
2.86339  0.0003623351
2.865372  0.0003617645
2.865387  0.0003617603
2.865673  0.0003616779
2.867189  0.0003612413
2.86935  0.0003606194
2.86951  0.0003605732
2.869619  0.0003605419
2.870817  0.0003601971
2.871324  0.0003600511
2.87258  0.0003596894
2.873724  0.0003593601
2.874194  0.000359225
2.87429  0.0003591972
2.874375  0.0003591726
2.874857  0.000359034
2.876239  0.0003586361
2.876384  0.0003585943
2.8766  0.0003585321
2.876702  0.0003585029
2.879209  0.0003577812
2.880499  0.0003574099
2.881734  0.0003570542
2.882916  0.0003567139
2.883408  0.0003565724
2.887365  0.0003554334
2.887539  0.0003553832
2.887803  0.0003553072
2.889787  0.0003547362
2.889858  0.0003547155
2.890056  0.0003546587
2.891692  0.0003541877
2.892656  0.0003539101
2.893222  0.0003537472
2.894121  0.0003534883
2.895705  0.0003530324
2.895874  0.0003529837
2.896318  0.0003528561
2.896778  0.0003527235
2.897444  0.0003525318
2.899691  0.0003518849
2.900691  0.000351597
2.9023  0.0003511339
2.90241  0.0003511022
2.904001  0.0003506443
2.90423  0.0003505784
2.906258  0.0003499945
2.906652  0.000349881
2.908235  0.0003494255
2.908901  0.0003492335
2.909151  0.0003491618
2.909497  0.0003490622
2.909866  0.0003489559
2.911013  0.0003486257
2.911434  0.0003485045
2.91271  0.0003481371
2.912874  0.0003480901
2.913568  0.0003478902
2.913685  0.0003478566
2.913842  0.0003478112
2.914096  0.0003477382
2.915819  0.000347242
2.916075  0.0003471684
2.916397  0.0003470758
2.917371  0.0003467953
2.917755  0.0003466849
2.91806  0.0003465969
2.919928  0.0003460592
2.924663  0.0003446961
2.925191  0.0003445443
2.925705  0.0003443962
2.927112  0.0003439911
2.928887  0.0003434802
2.930507  0.0003430138
2.933308  0.0003422076
2.933397  0.000342182
2.934032  0.0003419992
2.934529  0.0003418561
2.934999  0.0003417207
2.935127  0.0003416839
2.936463  0.0003412994
2.937206  0.0003410854
2.938449  0.0003407277
2.940434  0.000340156
2.941513  0.0003398455
2.942679  0.0003395092
2.947583  0.0003379955
2.948586  0.0003376857
2.948644  0.0003376679
2.948722  0.0003376439
2.948901  0.0003375885
2.950696  0.0003370344
2.952551  0.0003364618
2.954317  0.0003359166
2.95638  0.0003352801
2.957165  0.0003350377
2.957229  0.0003350179
2.957688  0.0003348761
2.958022  0.000334773
2.958303  0.0003346863
2.958692  0.0003345662
2.959028  0.0003344626
2.959084  0.0003344453
2.959154  0.0003344237
2.960187  0.0003341048
2.960719  0.0003339404
2.965226  0.0003325493
2.966801  0.0003320632
2.967489  0.0003318508
2.967563  0.0003318278
2.967974  0.000331701
2.969551  0.0003312142
2.973107  0.0003301164
2.974552  0.0003296707
2.976469  0.0003290787
2.977344  0.0003288086
2.978078  0.0003285822
2.978987  0.0003283015
2.979461  0.0003281552
2.979531  0.0003281334
2.980895  0.0003277126
2.982095  0.000327342
2.983782  0.0003268214
2.984097  0.0003267242
2.985103  0.0003264135
2.985499  0.0003262915
2.991027  0.0003245848
2.991449  0.0003244546
2.993091  0.0003239477
2.993604  0.0003237894
2.994542  0.0003234999
2.995791  0.0003231143
2.996495  0.000322897
2.996954  0.0003227554
2.997507  0.0003225847
2.999156  0.0003220756
2.999363  0.0003220117
2.999439  0.0003219884
3.000164  0.0003217645
3.000803  0.0003215672
3.00138  0.0003213891
3.002835  0.00032094
3.003151  0.0003208423
3.003454  0.0003207489
3.004657  0.0003203777
3.004806  0.0003203317
3.005231  0.0003202005
3.005597  0.0003200875
3.006218  0.0003198958
3.006309  0.0003198675
3.007409  0.000319528
3.008106  0.000319313
3.008169  0.0003192933
3.008513  0.0003191871
3.008777  0.0003191056
3.010065  0.0003187081
3.012327  0.0003180099
3.012744  0.0003178812
3.012953  0.0003178166
3.019766  0.0003156714
3.022825  0.0003147073
3.023911  0.0003143652
3.025136  0.0003139792
3.028051  0.0003130605
3.028694  0.0003128581
3.029673  0.0003125493
3.031327  0.0003120281
3.031451  0.0003119893
3.031994  0.0003118179
3.033745  0.0003112662
3.034377  0.0003110672
3.034529  0.0003110192
3.035648  0.0003106664
3.037393  0.0003101167
3.037987  0.0003099293
3.038587  0.0003097404
3.04022  0.0003092258
3.046826  0.0003071439
3.048152  0.0003067261
3.048634  0.0003065741
3.048786  0.0003065262
3.051313  0.0003057298
3.051789  0.0003055799
3.052902  0.0003052291
3.053427  0.0003050638
3.054125  0.0003048436
3.055041  0.0003045551
3.05678  0.0003040072
3.057172  0.0003038836
3.057815  0.0003036809
3.057876  0.0003036617
3.057927  0.0003036455
3.059323  0.0003032057
3.062669  0.0003021512
3.063122  0.0003020085
3.063203  0.0003019831
3.06337  0.0003019303
3.064471  0.0003015835
3.0651  0.0003013852
3.065259  0.0003013352
3.066013  0.0003010975
3.067356  0.0003006742
3.067941  0.0003004898
3.069301  0.0003000613
3.069377  0.0003000373
3.070588  0.0002996557
3.071509  0.0002993655
3.071797  0.0002992747
3.072439  0.0002990724
3.072763  0.0002989701
3.076095  0.0002979204
3.077372  0.0002975177
3.077833  0.0002973724
3.079435  0.0002970377
3.079865  0.0002969512
3.08023  0.0002968777
3.080408  0.0002968419
3.080947  0.0002967333
3.082013  0.0002965187
3.082185  0.000296484
3.082302  0.0002964604
3.085278  0.0002958614
3.086141  0.0002956877
3.086442  0.000295627
3.092521  0.0002944031
3.092994  0.0002943079
3.093318  0.0002942427
3.098746  0.0002931499
3.10039  0.0002928189
3.100603  0.0002927761
3.102433  0.0002924076
3.102869  0.0002923198
3.103242  0.0002922449
3.103689  0.0002921547
3.107616  0.0002913641
3.108974  0.0002910907
3.10981  0.0002909225
3.109881  0.0002909081
3.110788  0.0002907255
3.11132  0.0002906184
3.111723  0.0002905373
3.113373  0.0002902052
3.117568  0.0002893605
3.119254  0.0002890212
3.119695  0.0002889324
3.120784  0.0002887131
3.120884  0.0002886931
3.123512  0.0002881639
3.124352  0.0002879948
3.124404  0.0002879844
3.124758  0.0002879131
3.126972  0.0002874673
3.12711  0.0002874396
3.128336  0.0002871928
3.128732  0.0002871131
3.129136  0.0002870317
3.129968  0.0002868642
3.13038  0.0002867812
3.13326  0.0002862015
3.134468  0.0002859583
3.138268  0.0002851932
3.140533  0.0002847372
3.140944  0.0002846544
3.141609  0.0002845205
3.143264  0.0002841873
3.146842  0.000283467
3.146946  0.0002834461
3.147617  0.0002833111
3.149541  0.0002829238
3.150708  0.0002826887
3.153496  0.0002821521
3.155013  0.0002819137
3.15573  0.000281801
3.157254  0.0002815617
3.164767  0.0002803814
3.164779  0.0002803796
3.16644  0.0002801186
3.167304  0.0002799829
3.167784  0.0002799074
3.168714  0.0002797614
3.169027  0.0002797122
3.169203  0.0002796846
3.173891  0.0002789481
3.174176  0.0002789034
3.174881  0.0002787926
3.174972  0.0002787783
3.179405  0.0002780819
3.179707  0.0002780345
3.179889  0.0002780058
3.182238  0.0002776369
3.183402  0.000277454
3.185313  0.0002771538
3.185647  0.0002771014
3.186455  0.0002769744
3.187428  0.0002768216
3.191395  0.0002761985
3.191904  0.0002761184
3.191908  0.0002761178
3.192133  0.0002760824
3.19278  0.0002759809
3.19342  0.0002758803
3.193892  0.0002758061
3.194333  0.0002757369
3.194521  0.0002757074
3.196938  0.0002753277
3.196989  0.0002753197
3.197697  0.0002752085
3.197925  0.0002751726
3.199791  0.0002748795
3.199964  0.0002748523
3.200564  0.000274758
3.200898  0.0002747056
3.201719  0.0002745766
3.201873  0.0002745525
3.202894  0.0002743921
3.202961  0.0002743815
3.203812  0.0002742479
3.205152  0.0002740373
3.205227  0.0002740255
3.205472  0.0002739871
3.206183  0.0002738754
3.20686  0.000273769
3.207141  0.0002737248
3.208393  0.0002735281
3.209043  0.0002734261
3.209128  0.0002734128
3.212596  0.0002728679
3.214781  0.0002725246
3.214785  0.000272524
3.217185  0.0002721471
3.217712  0.0002720642
3.220555  0.0002716176
3.220637  0.0002716048
3.220846  0.0002715719
3.223497  0.0002711555
3.22478  0.0002709539
3.226276  0.000270719
3.228712  0.000270324
3.231142  0.0002699038
3.232059  0.0002697452
3.233035  0.0002695764
3.234405  0.0002693394
3.235293  0.0002691858
3.236264  0.000269018
3.238571  0.0002686189
3.239588  0.0002684431
3.240107  0.0002683532
3.241338  0.0002681403
3.243426  0.0002677792
3.246004  0.0002673334
3.246811  0.0002671939
3.247145  0.000267136
3.250854  0.0002664947
3.252016  0.0002662936
3.252776  0.0002661622
3.252869  0.0002661461
3.252887  0.0002661429
3.255283  0.0002657286
3.255452  0.0002656994
3.255731  0.0002656512
3.256191  0.0002655716
3.256747  0.0002654755
3.257203  0.0002653965
3.257283  0.0002653826
3.264203  0.0002641858
3.269328  0.0002632996
3.272148  0.0002628118
3.272428  0.0002627634
3.274369  0.0002624277
3.274988  0.0002623207
3.275148  0.000262293
3.27689  0.0002619917
3.277321  0.0002619171
3.277368  0.000261909
3.278643  0.0002616886
3.279979  0.0002614575
3.281318  0.0002612259
3.28132  0.0002612255
3.281671  0.0002611648
3.283271  0.0002608881
3.284017  0.0002607591
3.284444  0.0002606852
3.284489  0.0002606775
3.288447  0.0002599928
3.290966  0.0002595573
3.291109  0.0002595326
3.292343  0.0002593191
3.292444  0.0002593017
3.294322  0.0002589768
3.294476  0.0002589502
3.295173  0.0002588297
3.295975  0.000258691
3.301326  0.0002577655
3.303007  0.0002574747
3.303216  0.0002574386
3.304541  0.0002572095
3.305775  0.000256996
3.306091  0.0002569413
3.306201  0.0002569225
3.306756  0.0002568264
3.307869  0.0002566398
3.309069  0.0002564459
3.309405  0.0002563916
3.311179  0.000256105
3.311368  0.0002560745
3.314349  0.0002555928
3.315349  0.0002554313
3.319791  0.0002547136
3.31985  0.0002547041
3.323333  0.0002541414
3.324877  0.0002538919
3.326166  0.0002536836
3.326245  0.0002536709
3.32724  0.0002535101
3.330036  0.0002530585
3.333273  0.0002525355
3.3381  0.0002517556
3.338509  0.0002516896
3.338658  0.0002516655
3.338666  0.0002516641
3.339088  0.0002515959
3.340456  0.000251375
3.341827  0.0002511536
3.342701  0.0002510123
3.343081  0.0002509509
3.343517  0.0002508805
3.344141  0.0002507797
3.345587  0.0002505461
3.345594  0.0002505449
3.346517  0.0002503957
3.347786  0.0002501907
3.348301  0.0002501076
3.348675  0.000250047
3.350644  0.0002497291
3.350861  0.0002496939
3.351067  0.0002496606
3.353342  0.0002492932
3.353551  0.0002492594
3.355843  0.0002488891
3.35761  0.0002486036
3.358122  0.0002485208
3.359869  0.0002482387
3.360148  0.0002481935
3.362611  0.0002477956
3.362978  0.0002477364
3.363849  0.0002475957
3.364351  0.0002475145
3.365758  0.0002472872
3.365843  0.0002472735
3.366679  0.0002471384
3.367081  0.0002470735
3.367768  0.0002469625
3.371365  0.0002463812
3.375973  0.0002456368
3.376753  0.0002455108
3.377113  0.0002454526
3.378294  0.0002452619
3.379054  0.0002451391
3.379837  0.0002450126
3.380703  0.0002448727
3.38388  0.0002444934
3.385249  0.0002443335
3.385961  0.0002442503
3.387828  0.0002440321
3.388334  0.0002439731
3.391925  0.0002435534
3.392914  0.0002434379
3.393389  0.0002433824
3.396264  0.0002430465
3.397196  0.0002429377
3.397782  0.0002428691
3.39787  0.0002428588
3.398351  0.0002428027
3.400331  0.0002425713
3.400878  0.0002425074
3.402195  0.0002423535
3.402382  0.0002423317
3.403749  0.000242172
3.404056  0.0002421361
3.404922  0.0002420349
3.405673  0.0002419472
3.40619  0.0002418868
3.406538  0.0002418461
3.408671  0.0002415969
3.409924  0.0002414505
3.410349  0.0002414008
3.411129  0.0002413097
3.411223  0.0002412987
3.414594  0.0002409048
3.415164  0.0002408382
3.417548  0.0002405597
3.417682  0.0002405441
3.418587  0.0002404383
3.419023  0.0002403874
3.420322  0.0002402356
3.420566  0.0002402071
3.422271  0.0002400079
3.422762  0.0002399506
3.423089  0.0002399123
3.423216  0.0002398974
3.427315  0.0002394185
3.428742  0.0002392518
3.429348  0.000239181
3.429683  0.0002391419
3.430335  0.0002390657
3.430904  0.0002389992
3.431367  0.0002389451
3.432128  0.0002388562
3.432308  0.0002388352
3.432315  0.0002388343
3.434352  0.0002385963
3.435501  0.0002384621
3.436363  0.0002383614
3.436729  0.0002383187
3.43844  0.0002381187
3.439949  0.0002379423
3.442889  0.0002375989
3.444419  0.0002374201
3.444621  0.0002373965
3.445402  0.0002373052
3.445676  0.0002372732
3.447211  0.000237094
3.44722  0.0002370929
3.448249  0.0002369726
3.448391  0.000236956
3.450476  0.0002367125
3.451735  0.0002365654
3.453216  0.0002363923
3.455677  0.0002361048
3.461027  0.0002353635
3.462297  0.0002351481
3.462484  0.0002351163
3.465623  0.0002345841
3.470394  0.0002337749
3.470893  0.0002336903
3.471333  0.0002336156
3.472419  0.0002334315
3.473451  0.0002332564
3.473786  0.0002331997
3.474725  0.0002330404
3.474859  0.0002330177
3.476011  0.0002328224
3.476526  0.000232735
3.477099  0.0002326377
3.47711  0.0002326359
3.479185  0.0002322841
3.480439  0.0002320713
3.483017  0.0002316342
3.48832  0.0002307348
3.48935  0.0002305601
3.49046  0.000230372
3.491773  0.0002301493
3.493681  0.0002298256
3.493851  0.0002297969
3.494929  0.000229614
3.49784  0.0002291204
3.499273  0.0002288774
3.501704  0.0002284651
3.502608  0.0002283117
3.506986  0.0002275692
3.507549  0.0002274738
3.509632  0.0002271206
3.509656  0.0002271165
3.510288  0.0002270093
3.511435  0.0002268147
3.514407  0.0002263108
3.515408  0.000226141
3.516465  0.0002259618
3.516608  0.0002259374
3.517979  0.0002257049
3.518718  0.0002255796
3.519182  0.0002255009
3.519923  0.0002253752
3.520237  0.000225322
3.52175  0.0002250654
3.523976  0.0002246879
3.52476  0.000224555
3.525346  0.0002244556
3.527083  0.0002241611
3.527416  0.0002241045
3.527652  0.0002240645
3.527946  0.0002240146
3.528094  0.0002239895
3.528786  0.0002238721
3.529936  0.0002236858
3.53301  0.0002232153
3.533266  0.0002231761
3.534851  0.0002229335
3.535123  0.0002228919
3.535631  0.0002228141
3.536953  0.0002226118
3.540771  0.0002220274
3.543383  0.0002216276
3.544062  0.0002215236
3.544115  0.0002215155
3.544355  0.0002214787
3.544491  0.000221458
3.545862  0.0002212481
3.546199  0.0002211965
3.546467  0.0002211555
3.546951  0.0002210814
3.547094  0.0002210595
3.549026  0.0002207638
3.550567  0.000220528
3.551983  0.0002203112
3.553517  0.0002200763
3.554714  0.0002198931
3.555261  0.0002198094
3.557553  0.0002194587
3.557562  0.0002194573
3.558356  0.0002193358
3.562985  0.0002186272
3.564684  0.0002183672
3.569504  0.0002176293
3.569723  0.0002175959
3.569729  0.0002175949
3.570403  0.0002174917
3.57094  0.0002174095
3.571593  0.0002173097
3.572249  0.0002172091
3.572528  0.0002171665
3.572578  0.0002171588
3.575012  0.0002167862
3.575644  0.0002166895
3.576878  0.0002165007
3.576891  0.0002164987
3.578911  0.0002161895
3.579732  0.0002160638
3.579967  0.0002160278
3.580787  0.0002159023
3.581994  0.0002157175
3.582486  0.0002156422
3.582671  0.0002156139
3.586263  0.0002150641
3.588898  0.0002146608
3.590165  0.0002144668
3.590747  0.0002143777
3.591479  0.0002142658
3.592221  0.0002141522
3.594553  0.0002137952
3.598861  0.0002132065
3.601232  0.0002129366
3.60158  0.000212897
3.603924  0.0002126302
3.60517  0.0002124885
3.606144  0.0002123776
3.610513  0.0002118803
3.611421  0.000211777
3.612232  0.0002116847
3.612904  0.0002116082
3.613486  0.0002115419
3.615307  0.0002113347
3.616046  0.0002112506
3.616356  0.0002112153
3.616528  0.0002111957
3.619382  0.0002108709
3.624435  0.0002102958
3.624705  0.0002102651
3.625863  0.0002101333
3.628113  0.0002098771
3.628989  0.0002097775
3.629413  0.0002097292
3.631433  0.0002094993
3.632058  0.0002094281
3.632624  0.0002093638
3.632697  0.0002093554
3.639776  0.0002085497
3.640612  0.0002084545
3.640937  0.0002084176
3.643106  0.0002081706
3.644181  0.0002080483
3.644732  0.0002079856
3.645317  0.0002079191
3.645413  0.0002079081
3.648009  0.0002076126
3.649088  0.0002074898
3.649605  0.000207431
3.651918  0.0002071677
3.654189  0.0002069092
3.654743  0.0002068462
3.654858  0.0002068332
3.655339  0.0002067784
3.655879  0.000206717
3.6574  0.0002065438
3.657861  0.0002064913
3.658101  0.0002064641
3.658246  0.0002064474
3.659297  0.0002063279
3.661148  0.0002061173
3.661201  0.0002061112
3.661443  0.0002060836
3.663711  0.0002058255
3.664523  0.0002057331
3.665957  0.0002055699
3.668194  0.0002053152
3.668993  0.0002052243
3.669526  0.0002051637
3.671417  0.0002049485
3.67244  0.000204832
3.673648  0.0002046945
3.674458  0.0002046023
3.674501  0.0002045974
3.677258  0.0002042836
3.677816  0.0002042201
3.680252  0.0002039428
3.68166  0.0002037826
3.68227  0.0002037131
3.682435  0.0002036944
3.683272  0.0002035992
3.683856  0.0002035309
3.684817  0.0002033688
3.68638  0.000203105
3.6883  0.0002027811
3.68984  0.0002025212
3.690417  0.0002024239
3.690771  0.0002023642
3.693584  0.0002018895
3.693906  0.0002018353
3.69487  0.0002016725
3.695711  0.0002015307
3.697573  0.0002012165
3.697925  0.0002011572
3.697944  0.0002011539
3.699541  0.0002008845
3.700678  0.0002006927
3.702248  0.0002004277
3.705513  0.0001998769
3.706795  0.0001996606
3.707108  0.0001996078
3.70888  0.0001993087
3.710207  0.0001990849
3.713618  0.0001985094
3.714076  0.0001984322
3.714312  0.0001983923
3.715357  0.0001982159
3.716273  0.0001980614
3.719316  0.000197548
3.722302  0.0001970441
3.72433  0.000196702
3.727223  0.0001962139
3.730239  0.0001957051
3.733416  0.0001951691
3.734976  0.0001949057
3.740393  0.0001939919
3.74216  0.0001936938
3.742767  0.0001935912
3.746667  0.0001929333
3.746926  0.0001928896
3.747455  0.0001928002
3.747794  0.0001927431
3.750474  0.000192291
3.751748  0.000192076
3.751911  0.0001920484
3.752035  0.0001920275
3.753057  0.0001918551
3.754081  0.0001916823
3.755152  0.0001915016
3.756063  0.0001913502
3.75646  0.0001912882
3.756994  0.0001912046
3.759477  0.0001908164
3.760258  0.0001906943
3.760396  0.0001906727
3.761528  0.0001904956
3.761626  0.0001904803
3.764794  0.000189985
3.765054  0.0001899444
3.765061  0.0001899433
3.765791  0.0001898292
3.765947  0.0001898047
3.766429  0.0001897294
3.767131  0.0001896197
3.770234  0.0001891345
3.771255  0.0001889748
3.772495  0.000188781
3.773264  0.0001886607
3.775771  0.0001882688
3.775836  0.0001882585
3.776072  0.0001882216
3.776194  0.0001882026
3.77685  0.0001881
3.779897  0.0001876236
3.780209  0.0001875748
3.78112  0.0001874324
3.783067  0.0001871279
3.786394  0.0001866078
3.789228  0.0001861647
3.789512  0.0001861202
3.789646  0.0001860992
3.795569  0.0001851732
3.796791  0.0001849821
3.797674  0.000184844
3.800451  0.0001844098
3.802114  0.0001841498
3.802599  0.000184074
3.804174  0.0001838277
3.806404  0.000183479
3.806936  0.0001833958
3.808234  0.0001831928
3.809445  0.0001830035
3.809916  0.00018293
3.814808  0.000182165
3.816272  0.0001819361
3.819489  0.0001814331
3.819561  0.0001814219
3.824296  0.0001807031
3.824778  0.0001806413
3.825688  0.0001805245
3.829381  0.0001800512
3.833283  0.0001795509
3.833641  0.000179505
3.833858  0.0001794771
3.835188  0.0001793066
3.8352  0.0001793052
3.83674  0.0001791077
3.836846  0.0001790941
3.838221  0.0001789179
3.839192  0.0001787933
3.840223  0.0001786611
3.844558  0.0001781054
3.84516  0.0001780282
3.845777  0.0001779491
3.848474  0.0001776033
3.848705  0.0001775737
3.848851  0.0001775549
3.850218  0.0001773797
3.853203  0.000176997
3.853898  0.0001769079
3.854676  0.0001768082
3.855254  0.0001767341
3.857931  0.0001763909
3.86071  0.0001760346
3.86109  0.0001759859
3.861447  0.0001759401
3.862442  0.0001758125
3.864129  0.0001755962
3.864959  0.0001754898
3.865123  0.0001754689
3.865176  0.000175462
3.866489  0.0001752936
3.866922  0.0001752381
3.872382  0.0001745381
3.872452  0.0001745292
3.872954  0.0001744648
3.88023  0.000173532
3.881484  0.0001733712
3.882865  0.0001731941
3.882964  0.0001731814
3.883971  0.0001730524
3.884509  0.0001729834
3.884654  0.0001729648
3.886135  0.0001727749
3.887244  0.0001726327
3.887472  0.0001726035
3.887862  0.0001725535
3.888854  0.0001724264
3.894174  0.0001717443
3.894436  0.0001717107
3.894653  0.0001716829
3.895687  0.0001715503
3.896763  0.0001714124
3.89828  0.0001712178
3.902901  0.0001707023
3.903514  0.0001706566
3.903755  0.0001706387
3.903951  0.0001706241
3.905128  0.0001705364
3.90536  0.0001705191
3.905759  0.0001704894
3.905816  0.0001704851
3.906351  0.0001704453
3.906954  0.0001704004
3.908715  0.0001702692
3.91049  0.000170137
3.911544  0.0001700585
3.912346  0.0001699988
3.912609  0.0001699792
3.912911  0.0001699567
3.913043  0.0001699469
3.913581  0.0001699068
3.914865  0.0001698112
3.915843  0.0001697383
3.916447  0.0001696933
3.921803  0.0001692944
3.923205  0.00016919
3.923707  0.0001691526
3.924654  0.000169082
3.926284  0.0001689606
3.926671  0.0001689318
3.926856  0.0001689181
3.926974  0.0001689093
3.928434  0.0001688005
3.929464  0.0001687238
3.930244  0.0001686657
3.930406  0.0001686536
3.930552  0.0001686428
3.932713  0.0001684818
3.933525  0.0001684213
3.933775  0.0001684027
3.934554  0.0001683447
3.934681  0.0001683352
3.936002  0.0001682368
3.936281  0.000168216
3.938297  0.0001680659
3.938715  0.0001680348
3.939901  0.0001679464
3.939961  0.000167942
3.940881  0.0001678734
3.941168  0.000167852
3.942702  0.0001677378
3.943004  0.0001677153
3.943744  0.0001676602
3.945965  0.0001674947
3.946238  0.0001674744
3.946459  0.0001674579
3.947117  0.000167409
3.947501  0.0001673803
3.948606  0.0001672981
3.949291  0.000167247
3.950583  0.0001671508
3.950649  0.0001671459
3.952024  0.0001670434
3.953144  0.00016696
3.953486  0.0001669345
3.957717  0.0001666194
3.958693  0.0001665467
3.960411  0.0001664188
3.962191  0.0001662862
3.964795  0.0001660922
3.968684  0.0001658026
3.969879  0.0001657136
3.970175  0.0001656915
3.971737  0.0001655752
3.972385  0.0001655269
3.972628  0.0001655088
3.973019  0.0001654797
3.973886  0.0001654151
3.975101  0.0001653246
3.976054  0.0001652537
3.977704  0.0001651307
3.978058  0.0001651043
3.978656  0.0001650598
3.979323  0.0001650102
3.981695  0.0001648335
3.981718  0.0001648318
3.984365  0.0001646346
3.984728  0.0001646075
3.986297  0.0001644907
3.987268  0.000164394
3.987855  0.000164322
3.988352  0.0001642609
3.988372  0.0001642585
3.990547  0.0001639912
3.995628  0.000163367
3.996064  0.0001633135
4.00033  0.0001627894
4.000415  0.0001627789
4.000656  0.0001627494
4.001045  0.0001627015
4.007142  0.0001619525
4.007952  0.0001618531
4.008528  0.0001617822
4.008614  0.0001617717
4.011204  0.0001614535
4.011828  0.0001613769
4.014365  0.0001610653
4.01453  0.000161045
4.016209  0.0001608387
4.017713  0.0001606539
4.021046  0.0001602444
4.022656  0.0001600466
4.02409  0.0001598705
4.025928  0.0001596447
4.026056  0.000159629
4.026772  0.000159541
4.030419  0.000159093
4.031345  0.0001589793
4.032058  0.0001588916
4.033074  0.0001587669
4.034336  0.0001586118
4.035814  0.0001584302
4.03697  0.0001582882
4.036989  0.0001582859
4.043445  0.0001575097
4.045062  0.0001573452
4.050239  0.0001568189
4.051185  0.0001567227
4.052927  0.0001565457
4.053262  0.0001565116
4.054689  0.0001563666
4.055155  0.0001563192
4.0565  0.0001561824
4.057158  0.0001561155
4.058272  0.0001560023
4.060541  0.0001557715
4.062183  0.0001556046
4.062763  0.0001555457
4.064233  0.0001553962
4.065907  0.000155226
4.06828  0.0001549847
4.070289  0.0001547805
4.071386  0.000154669
4.071954  0.0001546112
4.074162  0.0001543868
4.076531  0.0001541459
4.07699  0.0001540993
4.077685  0.0001540286
4.07822  0.0001539742
4.079669  0.0001538268
4.080775  0.0001537144
4.081258  0.0001536653
4.084355  0.0001533504
4.084697  0.0001533157
4.086925  0.0001530892
4.087725  0.0001530079
4.089968  0.0001527798
4.090187  0.0001527576
4.091751  0.0001525985
4.091914  0.000152582
4.092673  0.0001525048
4.092915  0.0001524801
4.093423  0.0001524285
4.094482  0.0001523208
4.095013  0.0001522669
4.095296  0.0001522381
4.096107  0.0001521556
4.096111  0.0001521552
4.098431  0.0001519194
4.099112  0.0001518502
4.099544  0.0001518062
4.100822  0.0001516763
4.101546  0.0001516027
4.101821  0.0001515747
4.102898  0.0001514653
4.103125  0.0001514421
4.103142  0.0001514405
4.103333  0.000151421
4.10651  0.000151098
4.106776  0.0001510709
4.109718  0.0001509602
4.110439  0.0001509444
4.111755  0.0001509154
4.112016  0.0001509097
4.112478  0.0001508995
4.113002  0.000150888
4.113153  0.0001508847
4.114335  0.0001508586
4.120323  0.0001507268
4.120562  0.0001507216
4.120643  0.0001507198
4.12273  0.0001506738
4.12287  0.0001506708
4.123459  0.0001506578
4.123541  0.000150656
4.124493  0.0001506351
4.124686  0.0001506308
4.125888  0.0001506043
4.126864  0.0001505829
4.127757  0.0001505632
4.129441  0.0001505262
4.130761  0.0001504971
4.131802  0.0001504742
4.133391  0.0001504392
4.133437  0.0001504382
4.133986  0.0001504261
4.134298  0.0001504192
4.134335  0.0001504184
4.135251  0.0001503983
4.135361  0.0001503958
4.135538  0.0001503919
4.139458  0.0001503057
4.139809  0.0001502979
4.141374  0.0001502635
4.141457  0.0001502617
4.141875  0.0001502525
4.143748  0.0001502112
4.144841  0.0001501872
4.145419  0.0001501745
4.145702  0.0001501682
4.146027  0.0001501611
4.146948  0.0001501408
4.148364  0.0001501096
4.148824  0.0001500995
4.149544  0.0001500837
4.150368  0.0001500655
4.152664  0.000150015
4.153144  0.0001500045
4.15339  0.000149999
4.153828  0.0001499894
4.154702  0.0001499701
4.15557  0.000149951
4.15798  0.000149898
4.161872  0.0001498123
4.163277  0.0001497814
4.167376  0.0001496912
4.167796  0.000149682
4.168229  0.0001496724
4.169055  0.0001496542
4.169542  0.0001496435
4.169885  0.000149636
4.169971  0.0001496341
4.171507  0.0001496003
4.172724  0.0001495599
4.172919  0.0001495515
4.174104  0.0001495012
4.174761  0.0001494732
4.177875  0.0001493408
4.178066  0.0001493327
4.178155  0.0001493289
4.17873  0.0001493044
4.179701  0.0001492631
4.180277  0.0001492387
4.182587  0.0001491404
4.182724  0.0001491346
4.185186  0.0001490299
4.188882  0.0001488728
4.188938  0.0001488704
4.190846  0.0001487892
4.191823  0.0001487477
4.193102  0.0001486933
4.194357  0.0001486399
4.195196  0.0001486043
4.195831  0.0001485773
4.198411  0.0001484675
4.204585  0.000148205
4.205892  0.0001481494
4.205946  0.0001481471
4.210202  0.0001479661
4.210551  0.0001479513
4.21098  0.000147933
4.212997  0.0001478473
4.21305  0.000147845
4.213481  0.0001478267
4.213817  0.0001478124
4.215381  0.0001477459
4.222652  0.0001474367
4.223679  0.000147393
4.224883  0.0001473418
4.225482  0.0001473164
4.225488  0.0001473161
4.22673  0.0001472633
4.229295  0.0001471542
4.230296  0.0001471117
4.23068  0.0001470953
4.231867  0.0001470448
4.234171  0.0001469469
4.236272  0.0001468575
4.239573  0.0001467172
4.240209  0.0001466901
4.241584  0.0001466316
4.241745  0.0001466248
4.242659  0.0001465859
4.242732  0.0001465828
4.242835  0.0001465784
4.243081  0.000146568
4.24412  0.0001465238
4.245446  0.0001464674
4.245643  0.000146459
4.245994  0.0001464441
4.247046  0.0001463994
4.249169  0.0001463091
4.249574  0.0001462919
4.250931  0.0001462342
4.251284  0.0001462191
4.251357  0.0001462161
4.251622  0.0001462048
4.25532  0.0001460116
4.25572  0.0001459787
4.255907  0.0001459634
4.258533  0.0001457478
4.259668  0.0001456547
4.262742  0.0001454024
4.267066  0.0001450474
4.267517  0.0001450104
4.267715  0.0001449942
4.270349  0.000144778
4.270556  0.000144761
4.271171  0.0001447105
4.273798  0.0001444948
4.274068  0.0001444726
4.27497  0.0001443987
4.276678  0.0001442585
4.278418  0.0001441156
4.280353  0.0001439568
4.282147  0.0001438095
4.283074  0.0001437334
4.283484  0.0001436997
4.284117  0.0001436478
4.284923  0.0001435816
4.285722  0.000143516
4.287085  0.0001434042
4.288968  0.0001432496
4.288987  0.000143248
4.289905  0.0001431727
4.290767  0.0001431019
4.290873  0.0001430932
4.293458  0.0001428811
4.296481  0.0001426329
4.298344  0.00014248
4.298612  0.000142458
4.299506  0.0001423846
4.300218  0.0001423261
4.30171  0.0001422037
4.302322  0.0001421535
4.302598  0.0001421308
4.303215  0.0001420802
4.305504  0.0001418923
4.305979  0.0001418532
4.307238  0.0001417499
4.30833  0.0001416603
4.308972  0.0001416076
4.30919  0.0001415897
4.309675  0.0001415499
4.310218  0.0001415053
4.310438  0.0001414873
4.314072  0.0001411889
4.314146  0.0001411829
4.315844  0.0001410435
4.316182  0.0001410158
4.316189  0.0001410152
4.316979  0.0001409504
4.31951  0.0001407426
4.319801  0.0001407187
4.321328  0.0001405933
4.321661  0.000140566
4.323491  0.0001404158
4.323831  0.0001403879
4.325919  0.0001402165
4.325994  0.0001402104
4.32679  0.000140145
4.328784  0.0001399813
4.328912  0.0001399708
4.329071  0.0001399578
4.330511  0.0001398396
4.331814  0.0001397326
4.332573  0.0001396703
4.333423  0.0001396006
4.333837  0.0001395666
4.333927  0.0001395592
4.33463  0.0001395015
4.334717  0.0001394943
4.335869  0.0001393998
4.336133  0.0001393781
4.339402  0.0001391541
4.339918  0.0001391204
4.341731  0.0001390021
4.342696  0.0001389392
4.343436  0.0001388909
4.343578  0.0001388816
4.344324  0.000138833
4.345149  0.0001387791
4.347349  0.0001386355
4.347609  0.0001386186
4.348152  0.0001385831
4.34876  0.0001385435
4.350472  0.0001384318
4.351227  0.0001383825
4.351873  0.0001383403
4.352487  0.0001383003
4.353255  0.0001382502
4.355068  0.0001381319
4.359456  0.0001378455
4.359738  0.0001378271
4.360574  0.0001377726
4.365282  0.0001374653
4.366464  0.0001373882
4.36702  0.0001373519
4.367373  0.0001373289
4.367868  0.0001372966
4.368663  0.0001372447
4.371333  0.0001370705
4.37164  0.0001370504
4.372167  0.0001370161
4.37224  0.0001370113
4.374477  0.0001368653
4.376052  0.0001367626
4.376253  0.0001367494
4.377132  0.0001366921
4.377509  0.0001366675
4.377988  0.0001366362
4.379271  0.0001365525
4.379338  0.0001365481
4.3794  0.0001365441
4.380293  0.0001364858
4.380921  0.0001364448
4.381337  0.0001364176
4.381799  0.0001363875
4.382862  0.0001363182
4.383347  0.0001362865
4.383372  0.0001362849
4.385112  0.0001361713
4.385478  0.0001361475
4.386625  0.0001360726
4.387073  0.0001360434
4.387656  0.0001360053
4.388393  0.0001359572
4.396343  0.0001354385
4.396959  0.0001353983
4.397558  0.0001353592
4.398013  0.0001353295
4.400709  0.0001351535
4.402347  0.0001350467
4.402687  0.0001350245
4.403893  0.0001349458
4.405755  0.0001348243
4.406126  0.0001348001
4.406891  0.0001347501
4.407167  0.0001347322
4.409401  0.0001345864
4.41194  0.0001344207
4.411984  0.0001344178
4.413786  0.0001343002
4.413857  0.0001342956
4.415813  0.0001341679
4.415924  0.0001341607
4.41628  0.0001341407
4.416666  0.0001341275
4.417345  0.0001341042
4.417481  0.0001340995
4.418997  0.0001340477
4.419386  0.0001340343
4.421296  0.0001339689
4.424108  0.0001338726
4.425571  0.0001338225
4.429963  0.0001336721
4.432216  0.0001335949
4.433134  0.0001335635
4.433277  0.0001335586
4.434239  0.0001335256
4.435173  0.0001334936
4.435181  0.0001334933
4.436531  0.0001334471
4.438728  0.0001333719
4.439009  0.0001333623
4.439023  0.0001333618
4.439198  0.0001333558
4.441074  0.0001332915
4.442077  0.0001332572
4.442585  0.0001332398
4.444648  0.0001331691
4.445778  0.0001331304
4.446538  0.0001331044
4.447059  0.0001330865
4.4471  0.0001330851
4.449282  0.0001330104
4.449686  0.0001329966
4.452251  0.0001329088
4.45301  0.0001328827
4.453673  0.0001328601
4.454537  0.0001328304
4.455357  0.0001328023
4.455379  0.0001328016
4.457146  0.0001327411
4.4584  0.0001326981
4.460583  0.0001326234
4.460834  0.0001326148
4.461528  0.000132591
4.46206  0.0001325728
4.462152  0.0001325696
4.462908  0.0001325437
4.463028  0.0001325396
4.467014  0.0001324031
4.473804  0.0001321706
4.474875  0.0001321339
4.478891  0.0001319964
4.479546  0.0001319739
4.480244  0.00013195
4.488389  0.0001316711
4.490853  0.000131626
4.490954  0.000131626
4.492625  0.000131626
4.494056  0.000131626
4.494251  0.000131626
4.494542  0.000131626
4.498071  0.000131626
4.499213  0.000131626