0.2007935  1.597855
0.2008688  1.596951
0.2017654  1.586208
0.2022779  1.580067
0.2038974  1.560663
0.2045173  1.553235
0.2060355  1.535043
0.2069739  1.5238
0.2074042  1.518644
0.2080257  1.511197
0.2110227  1.475286
0.2118638  1.465208
0.2119975  1.463607
0.2136971  1.443242
0.2142513  1.436601
0.2168242  1.405772
0.2177242  1.394989
0.2213728  1.351271
0.2214361  1.350512
0.2222429  1.340845
0.2229436  1.33245
0.226346  1.291682
0.2285165  1.265674
0.2291556  1.258016
0.2292004  1.25748
0.2317224  1.227261
0.2330393  1.211482
0.2366518  1.168196
0.2392923  1.136557
0.2404013  1.123269
0.2408854  1.117468
0.2437923  1.082637
0.2439831  1.080352
0.2451928  1.065857
0.2463837  1.051587
0.2499316  1.009076
0.2501039  1.007011
0.253029  0.971962
0.253627  0.9647973
0.2541473  0.958562
0.254396  0.9555823
0.2572656  0.9211986
0.2592508  0.8974115
0.2653931  0.8238136
0.2667008  0.808145
0.2684454  0.7872413
0.2714004  0.7518344
0.2717984  0.7470644
0.2718271  0.7467214
0.2738605  0.722356
0.2780893  0.671687
0.2784201  0.6677233
0.2807599  0.6396877
0.2833028  0.6092183
0.2845427  0.5943615
0.2865273  0.5705816
0.288381  0.5483704
0.2884742  0.5472533
0.288754  0.5439009
0.2893003  0.5373547
0.2906008  0.5217725
0.290934  0.5177804
0.2916394  0.5093279
0.2918094  0.5072913
0.2935078  0.48694
0.2938134  0.483279
0.2954317  0.4638876
0.2957539  0.4600277
0.2957778  0.4597413
0.2962046  0.4546265
0.2974496  0.4397091
0.298639  0.4254575
0.29921  0.4186155
0.2998177  0.4113344
0.3012298  0.406248
0.3018845  0.4047032
0.3029589  0.4021681
0.3038719  0.4000138
0.3059182  0.3951851
0.3059313  0.3951543
0.3065115  0.3937853
0.3069964  0.3926411
0.3081107  0.3900118
0.308861  0.3882414
0.308921  0.3880998
0.309797  0.3860327
0.3133879  0.3775595
0.3151565  0.3733863
0.3197464  0.3625559
0.3210052  0.3595855
0.3214908  0.3584396
0.3215352  0.3583349
0.3217679  0.3577859
0.3249744  0.3502197
0.3250027  0.3501529
0.3250691  0.3499961
0.3256145  0.3487093
0.3302148  0.3378542
0.3311715  0.3355967
0.3324539  0.3325708
0.3342658  0.3282955
0.3343672  0.328056
0.3354575  0.3254834
0.3362028  0.3237248
0.3362766  0.3235507
0.3371294  0.3215383
0.3392525  0.3165286
0.3402122  0.314264
0.3411794  0.3119818
0.34245  0.3089838
0.3446889  0.3037006
0.3463699  0.2997341
0.3464229  0.2996091
0.347027  0.2981837
0.3474258  0.2972427
0.351369  0.2879381
0.3528387  0.2844703
0.3531083  0.283834
0.3554054  0.2784137
0.3555314  0.2781165
0.3575979  0.2732402
0.3577707  0.2728325
0.3581335  0.2719765
0.3590413  0.2698344
0.3592802  0.2692706
0.3598679  0.267884
0.3609  0.2654486
0.3609345  0.2653671
0.361773  0.2633886
0.3640852  0.2579326
0.3652999  0.2550665
0.3670377  0.2509659
0.3685059  0.2475014
0.3690017  0.2463315
0.3696437  0.2448165
0.3709125  0.2418227
0.3719477  0.23938
0.3746047  0.2331104
0.3767603  0.2280241
0.3773568  0.2266167
0.3783866  0.2241865
0.3784785  0.2239697
0.3819012  0.2158935
0.3821241  0.2153675
0.3857742  0.2067546
0.3858595  0.2065534
0.3870228  0.2038084
0.3885662  0.2001665
0.3886442  0.1999824
0.3902305  0.1962393
0.3909397  0.194566
0.3939258  0.1875198
0.3948262  0.1853952
0.3954561  0.1839089
0.3963916  0.1817015
0.3996491  0.174015
0.3998161  0.173621
0.4003244  0.1729324
0.4006691  0.1726619
0.4008211  0.1725425
0.4016115  0.1719222
0.4016835  0.1718657
0.403736  0.1702547
0.4041998  0.1698907
0.4047787  0.1694363
0.4052308  0.1690815
0.4060037  0.1684749
0.4099791  0.1653547
0.4128789  0.1630788
0.4149481  0.1614547
0.4192102  0.1581095
0.4211287  0.1566037
0.4213464  0.1564329
0.4215466  0.1562758
0.4237535  0.1545436
0.4238234  0.1544887
0.4241092  0.1542644
0.42782  0.1513519
0.4285916  0.1507463
0.4324502  0.1477178
0.4342701  0.1462894
0.4345087  0.1461021
0.4373025  0.1439094
0.4378475  0.1434816
0.4400038  0.1417892
0.4402343  0.1416083
0.441309  0.1407648
0.4444336  0.1383124
0.4453299  0.1376089
0.4496989  0.1341798
0.4505124  0.1335413
0.4506855  0.1334055
0.4511204  0.1330641
0.455508  0.1296205
0.4561389  0.1291253
0.4589055  0.1269539
0.4609727  0.1253313
0.4620915  0.1244533
0.4670989  0.1205231
0.467119  0.1205073
0.468696  0.1192696
0.4693874  0.1187269
0.4696402  0.1185285
0.4697319  0.1184565
0.4710225  0.1174436
0.4711479  0.1173451
0.4721702  0.1165428
0.4746197  0.1146203
0.476351  0.1132614
0.4768334  0.1128828
0.4791704  0.1110485
0.4791963  0.1110282
0.4802522  0.1101994
0.4805942  0.1099311
0.4813954  0.1093022
0.4818855  0.1089175
0.4835958  0.1075752
0.4840267  0.107237
0.4848117  0.1066209
0.4889853  0.1033451
0.4893326  0.1030725
0.4927058  0.100425
0.4947166  0.0988468
0.4953486  0.09835078
0.5010624  0.09422251
0.5036388  0.09306463
0.504166  0.09282766
0.5066527  0.09171006
0.5069087  0.09159503
0.5074712  0.09134221
0.5095911  0.09038948
0.5119314  0.08933769
0.5132099  0.08876309
0.5140381  0.08839087
0.5152244  0.08785771
0.5164015  0.08732867
0.5203843  0.0855387
0.5209225  0.0852968
0.5222372  0.08470596
0.5232469  0.08425216
0.525072  0.08343191
0.526533  0.08277526
0.5268137  0.08264911
0.527742  0.0822319
0.5284883  0.08189649
0.5286083  0.08184257
0.5344251  0.07922832
0.5344524  0.07921607
0.5352763  0.07884576
0.5384369  0.07742531
0.5395354  0.07693159
0.5405423  0.07647906
0.5407621  0.07638028
0.5415791  0.07601309
0.5427805  0.07547314
0.5436291  0.07509177
0.543775  0.07502622
0.5445133  0.0746944
0.5453451  0.07432054
0.5462808  0.07390002
0.5464797  0.07381063
0.5498364  0.07230203
0.5526455  0.07103952
0.5549986  0.06998197
0.5551606  0.06990915
0.5551641  0.06990759
0.5567658  0.06918776
0.5588816  0.06823685
0.5595875  0.06791959
0.5604036  0.0675528
0.5610961  0.0672416
0.5614962  0.06706175
0.5627819  0.06648395
0.5640543  0.06591209
0.564102  0.06589062
0.5654036  0.06530566
0.5684969  0.06391545
0.5685411  0.06389557
0.5698928  0.06328809
0.5757337  0.06066302
0.5779436  0.05966979
0.5784166  0.05945722
0.5786609  0.05934743
0.5818802  0.05790058
0.5839043  0.05699089
0.5841513  0.05687988
0.5849591  0.05651682
0.5879296  0.05518179
0.588276  0.05502612
0.5883199  0.05500639
0.5883585  0.05498903
0.5886987  0.05483615
0.5915219  0.05356733
0.5935011  0.05267781
0.5942826  0.05232658
0.5952447  0.05189419
0.5958945  0.05160215
0.59797  0.05066934
0.5985482  0.0504095
0.6000623  0.04974655
0.6018288  0.04945012
0.602643  0.04931351
0.6044725  0.04900652
0.6046516  0.04897645
0.6053283  0.04886291
0.6076317  0.04847639
0.6079371  0.04842516
0.6085047  0.04832992
0.6102123  0.04804338
0.6103189  0.04802548
0.611005  0.04791036
0.6126055  0.0476418
0.6126665  0.04763157
0.6128371  0.04760293
0.6134012  0.04750829
0.6137052  0.04745726
0.6141035  0.04739043
0.6156022  0.04713895
0.6184956  0.04665344
0.619056  0.04655941
0.6196901  0.046453
0.6202828  0.04635355
0.6209328  0.04624448
0.6209384  0.04624354
0.621352  0.04617414
0.6233201  0.04584388
0.625145  0.04553766
0.6258771  0.04541483
0.6259741  0.04539854
0.6283201  0.04500489
0.6295627  0.04479638
0.6298287  0.04475174
0.6306064  0.04462124
0.6333431  0.04416203
0.634497  0.04396841
0.6357841  0.04375243
0.6365067  0.04363117
0.6394954  0.04312966
0.6413646  0.04281603
0.6431353  0.0425189
0.6460328  0.0420327
0.646733  0.0419152
0.6472991  0.04182021
0.6495722  0.04143879
0.6496074  0.04143289
0.6499299  0.04137877
0.6510895  0.04118418
0.6511859  0.04116801
0.653366  0.04080219
0.6541371  0.04067279
0.6544286  0.04062388
0.6552746  0.04048192
0.6558501  0.04038536
0.6564068  0.04029193
0.6568807  0.04021242
0.6581296  0.04000285
0.6587418  0.03990013
0.6612346  0.03948184
0.6612498  0.03947928
0.6627225  0.03923216
0.6627817  0.03922224
0.6630918  0.0391702
0.6634655  0.03910749
0.6635186  0.03909858
0.6668293  0.03854305
0.6688763  0.03819956
0.6708157  0.03787412
0.6718941  0.03769317
0.6752462  0.03713069
0.6795067  0.03641578
0.6831881  0.03579804
0.6835959  0.0357296
0.6879101  0.03500569
0.6914439  0.03441272
0.6928542  0.03417607
0.6952511  0.03377386
0.6956911  0.03370003
0.6963496  0.03358954
0.6975181  0.03339347
0.6981272  0.03329126
0.6982099  0.03327739
0.6983968  0.03324601
0.6990433  0.03313753
0.7030354  0.03266339
0.7092583  0.03202043
0.7126484  0.03167016
0.7131303  0.03162038
0.7149185  0.03143562
0.71655  0.03126705
0.717422  0.03117696
0.7175652  0.03116217
0.7221301  0.03069051
0.7225071  0.03065157
0.7229192  0.03060898
0.7256257  0.03032936
0.7262173  0.03026823
0.7266408  0.03022447
0.7271685  0.03016995
0.7281178  0.03007187
0.7282604  0.03005713
0.7291192  0.0299684
0.7308058  0.02979414
0.7333057  0.02953585
0.733559  0.02950968
0.7340393  0.02946006
0.734757  0.0293859
0.7384947  0.02899973
0.7406764  0.02877431
0.7413095  0.0287089
0.7417291  0.02866555
0.7421479  0.02862228
0.7430254  0.02853162
0.7443663  0.02839307
0.7459417  0.0282303
0.7484958  0.02796642
0.7495269  0.02785988
0.7504515  0.02776436
0.7563047  0.02715959
0.7582883  0.02695465
0.7598135  0.02679707
0.7599633  0.0267816
0.7600041  0.02677737
0.7601804  0.02675916
0.7613744  0.02663579
0.7636363  0.0264021
0.7653478  0.02622527
0.7655828  0.02620098
0.7656709  0.02619188
0.7657848  0.02618012
0.7667451  0.02608089
0.7667802  0.02607727
0.7669869  0.02605591
0.7674251  0.02601064
0.7684625  0.02590345
0.7697918  0.02576611
0.7716696  0.02557209
0.7722725  0.02550981
0.7723544  0.02550135
0.7729671  0.02543804
0.7731257  0.02542166
0.774734  0.02525549
0.7748937  0.02523898
0.7774068  0.02497933
0.7781399  0.02490359
0.7787869  0.02483674
0.7798214  0.02472986
0.7811669  0.02459083
0.7822957  0.02447421
0.7839231  0.02430606
0.7861096  0.02408016
0.7863775  0.02405248
0.7864997  0.02403985
0.7865996  0.02402953
0.7866016  0.02402932
0.7874946  0.02393705
0.7884848  0.02383475
0.7931137  0.0233565
0.7961361  0.02304422
0.7974111  0.02291249
0.7986016  0.02278948
0.7986299  0.02278656
0.801029  0.0225909
0.8022951  0.02252435
0.8024459  0.02251642
0.8052088  0.02237118
0.8054036  0.02236093
0.8081297  0.02221762
0.8093487  0.02215354
0.809713  0.02213439
0.809736  0.02213318
0.8108966  0.02207217
0.8109181  0.02207104
0.8110933  0.02206183
0.8124979  0.02198799
0.8139928  0.0219094
0.8151391  0.02184914
0.8186985  0.02166202
0.8200594  0.02159048
0.8202152  0.02158229
0.8233  0.02142012
0.8235233  0.02140838
0.8242793  0.02136864
0.8269708  0.02122715
0.8307243  0.02102982
0.8316891  0.02097911
0.8320981  0.0209576
0.8334049  0.0208889
0.8356609  0.02077031
0.8358557  0.02076006
0.8404254  0.02051984
0.8425394  0.0204087
0.8426803  0.02040129
0.8428352  0.02039315
0.8434091  0.02036298
0.8440685  0.02032832
0.8448685  0.02028626
0.8450537  0.02027652
0.8454157  0.0202575
0.8454544  0.02025546
0.8455643  0.02024968
0.8471227  0.02016776
0.8478728  0.02012833
0.8483031  0.02010571
0.8484078  0.0201002
0.8491972  0.0200587
0.8543606  0.01978726
0.8548443  0.01976183
0.8573607  0.01962955
0.8591361  0.01953622
0.8615186  0.01941097
0.8643802  0.01926053
0.8644102  0.01925896
0.8657561  0.0191882
0.8665088  0.01914863
0.8702974  0.01894946
0.8705604  0.01893564
0.8737849  0.01876613
0.8775415  0.01856864
0.8802643  0.0184255
0.8803042  0.01842341
0.8815101  0.01836002
0.8825073  0.01830759
0.8870342  0.01806961
0.8888357  0.01797491
0.8903774  0.01789386
0.8904044  0.01789244
0.8907287  0.01787539
0.8912136  0.0178499
0.8934945  0.01773
0.8935815  0.01772542
0.8945111  0.01767655
0.8946339  0.0176701
0.895284  0.01763592
0.8985346  0.01746503
0.8987747  0.01745242
0.902202  0.01729069
0.9024334  0.01728047
0.9048396  0.01717414
0.9057882  0.01713222
0.906793  0.01708782
0.9084483  0.01701467
0.9086087  0.01700758
0.9097642  0.01695652
0.9107892  0.01691122
0.9108109  0.01691026
0.9123672  0.01684149
0.9136874  0.01678315
0.9147361  0.01673681
0.915403  0.01670734
0.9158977  0.01668548
0.9160938  0.01667682
0.9165412  0.01665704
0.9214955  0.01643811
0.9232686  0.01635976
0.9246185  0.01630011
0.9246377  0.01629926
0.9259251  0.01624237
0.9263407  0.016224
0.927182  0.01618683
0.9290866  0.01610266
0.9293771  0.01608983
0.9349813  0.01584218
0.9355949  0.01581506
0.9377664  0.0157191
0.9377818  0.01571842
0.9379332  0.01571173
0.9413021  0.01556286
0.9437845  0.01545316
0.9438471  0.0154504
0.9447382  0.01541102
0.9470447  0.01530909
0.950746  0.01514553
0.9509609  0.01513604
0.9509969  0.01513445
0.9522208  0.01508036
0.9527907  0.01505518
0.9528266  0.01505359
0.9539421  0.0150043
0.956546  0.01488923
0.9566045  0.01488665
0.9584206  0.01480639
0.9596725  0.01475107
0.9608665  0.01469831
0.9639343  0.01456275
0.9640017  0.01455977
0.9644791  0.01453867
0.966209  0.01446222
0.9670962  0.01442302
0.9690789  0.0143354
0.9718808  0.01421159
0.9719416  0.0142089
0.9721448  0.01419992
0.9731542  0.01415532
0.9736595  0.01413299
0.9744005  0.01410024
0.9757646  0.01403996
0.976355  0.01401387
0.9764245  0.0140108
0.977545  0.01396129
0.9782999  0.01392793
0.9788932  0.01390171
0.9803125  0.01383899
0.9808882  0.01381355
0.9851976  0.01362312
0.9857231  0.01359989
0.9867778  0.01355329
0.9873031  0.01353008
0.9882566  0.01348794
0.9883898  0.01348206
0.9893217  0.01344087
0.9894453  0.01343541
0.9909036  0.01337097
0.9909176  0.01337035
0.9910218  0.01336575
0.9915434  0.0133427
0.9916266  0.01333902
0.9923314  0.01330787
0.9931328  0.01327246
0.994008  0.01323379
0.9940559  0.01323167
0.9953377  0.01317503
0.9963475  0.0131304
0.9964014  0.01312802
0.9971155  0.01309647
0.9971878  0.01309327
0.998011  0.01305689
0.9980904  0.01305338
0.998343  0.01304222
0.9985587  0.01303269
1.001293  0.01294437
1.001539  0.01293968
1.001759  0.01293549
1.002104  0.01292892
1.004658  0.01288026
1.007168  0.01283243
1.007221  0.01283142
1.007263  0.01283063
1.010312  0.01277254
1.010427  0.01277034
1.011429  0.01275125
1.011463  0.01275062
1.012015  0.01274008
1.012214  0.01273631
1.012287  0.0127349
1.013319  0.01271525
1.013801  0.01270606
1.014022  0.01270186
1.017997  0.01262613
1.018378  0.01261887
1.018869  0.01260951
1.01899  0.0126072
1.020226  0.01258366
1.020471  0.01257899
1.022483  0.01254065
1.022819  0.01253425
1.02378  0.01251595
1.024688  0.01249865
1.027029  0.01245404
1.027179  0.01245118
1.029345  0.01240991
1.031384  0.01237106
1.036085  0.01228151
1.036616  0.01227139
1.037231  0.01225967
1.040262  0.01220192
1.044832  0.01211486
1.04528  0.01210632
1.047329  0.0120673
1.047651  0.01206115
1.047902  0.01205637
1.049449  0.01202689
1.0495  0.01202592
1.050497  0.01200693
1.050899  0.01199927
1.053369  0.01195222
1.054554  0.01192964
1.056042  0.01190129
1.058108  0.01186192
1.059595  0.0118336
1.059739  0.01183086
1.059902  0.01182774
1.064231  0.01174528
1.064898  0.01173256
1.069301  0.01164867
1.075912  0.01152273
1.077177  0.01149862
1.077428  0.01149384
1.07747  0.01149304
1.078921  0.01146539
1.079403  0.01145621
1.084337  0.0113622
1.084618  0.01135686
1.08511  0.01134748
1.086077  0.01132906
1.086966  0.01131213
1.088315  0.01128642
1.090504  0.01124472
1.092404  0.01120852
1.093351  0.01119047
1.093544  0.01118681
1.095104  0.01115708
1.095694  0.01114584
1.09848  0.01109276
1.099789  0.01106783
1.100047  0.01106291
1.101237  0.01104024
1.101424  0.01103668
1.10214  0.01102303
1.102709  0.0110122
1.102863  0.01100926
1.103254  0.0110018
1.108224  0.01090711
1.109145  0.01088957
1.109345  0.01088576
1.109883  0.0108755
1.113984  0.01079738
1.115412  0.01077017
1.1172  0.01073611
1.117618  0.01072814
1.118532  0.01071072
1.118707  0.0107074
1.118764  0.0107063
1.121055  0.01066265
1.123229  0.01062125
1.125912  0.01057012
1.127397  0.01054184
1.12897  0.01051187
1.129122  0.01050898
1.131584  0.01046205
1.132334  0.01044778
1.137047  0.01035798
1.137464  0.01035003
1.138096  0.01033799
1.138748  0.01032557
1.139047  0.01031988
1.141142  0.01027996
1.142728  0.01024974
1.143449  0.010236
1.143936  0.01022672
1.145158  0.01020345
1.146073  0.01018602
1.150269  0.01010607
1.150946  0.01009317
1.153476  0.01004497
1.154512  0.01002523
1.156611  0.00998525
1.157033  0.009977207
1.157428  0.009969689
1.15762  0.009966032
1.157771  0.009963141
1.158552  0.009948264
1.159173  0.009936441
1.164482  0.009835289
1.165577  0.009814421
1.168144  0.009765513
1.169465  0.009740361
1.169614  0.009737505
1.171629  0.009699126
1.172319  0.009685976
1.172701  0.009678697
1.173867  0.009656488
1.174857  0.009637632
1.175104  0.009632913
1.176553  0.009605303
1.177704  0.00958338
1.181436  0.009512277
1.182025  0.00950106
1.182871  0.00948494
1.185512  0.009434618
1.18568  0.009431433
1.186447  0.009416815
1.187696  0.009393013
1.188422  0.009379184
1.18853  0.00937712
1.188842  0.00937118
1.19009  0.009347397
1.191187  0.009326506
1.191263  0.009325054
1.194785  0.009257963
1.194987  0.00925411
1.196946  0.00921679
1.197141  0.009213064
1.198164  0.00919358
1.198738  0.009182651
1.199041  0.009176863
1.200638  0.00914644
1.201173  0.009136243
1.201261  0.00913458
1.202414  0.009112604
1.204408  0.009074617
1.206684  0.009031258
1.208466  0.008997315
1.209655  0.008974646
1.209717  0.008973469
1.209818  0.008971554
1.210296  0.008962447
1.211871  0.008932437
1.212516  0.008920139
1.214  0.008891881
1.217725  0.008820908
1.219645  0.008784322
1.220673  0.008764742
1.221656  0.00874601
1.221943  0.008740538
1.226203  0.008659379
1.226223  0.008658991
1.226456  0.008654566
1.228372  0.008618055
1.23106  0.008566845
1.232323  0.008542778
1.234191  0.008507195
1.234306  0.008505002
1.235878  0.008475051
1.240668  0.008383786
1.241214  0.008373397
1.24271  0.008344883
1.244114  0.008318142
1.246174  0.008278902
1.246943  0.008264236
1.247663  0.008250533
1.247723  0.008249383
1.250451  0.008203122
1.250788  0.008200967
1.25448  0.008177399
1.255794  0.008169014
1.256741  0.008162966
1.258133  0.008154082
1.260273  0.008140417
1.261664  0.008131536
1.263646  0.008118884
1.264858  0.008111149
1.265893  0.008104537
1.266059  0.00810348
1.267059  0.008097097
1.268007  0.008091043
1.270717  0.008073742
1.270919  0.008072454
1.274714  0.008048226
1.276068  0.008039583
1.278089  0.008026681
1.280051  0.008014153
1.283802  0.007990211
1.284163  0.007987904
1.285711  0.007978019
1.286152  0.007975204
1.287223  0.007968367
1.28789  0.007964108
1.288814  0.007958211
1.288893  0.007957705
1.290591  0.007946868
1.292279  0.007936091
1.29375  0.007926701
1.294121  0.007924334
1.295881  0.007913095
1.296077  0.007911847
1.297467  0.007902968
1.297781  0.007900968
1.298863  0.007894061
1.299396  0.007890658
1.300532  0.007883401
1.301672  0.007876126
1.302014  0.007873944
1.302704  0.007869539
1.302977  0.007867794
1.305034  0.007854666
1.306428  0.007845766
1.307014  0.00784202
1.30723  0.007840642
1.307435  0.007839333
1.309426  0.007826623
1.309894  0.00782364
1.30994  0.007823341
1.31037  0.007820598
1.310466  0.007819986
1.310672  0.00781867
1.311135  0.007815713
1.311627  0.007812573
1.314138  0.007796546
1.31431  0.007795443
1.314682  0.007793068
1.316482  0.007781582
1.31788  0.007772653
1.317894  0.007772562
1.319791  0.007760453
1.320246  0.007757548
1.320735  0.00775443
1.322296  0.007744463
1.322357  0.007744071
1.322903  0.007740587
1.327231  0.007712957
1.330666  0.007691028
1.330747  0.007690511
1.333338  0.007673968
1.333672  0.007671839
1.334491  0.007666611
1.335174  0.007662249
1.336003  0.007656958
1.336759  0.007652128
1.337567  0.007646972
1.33758  0.00764689
1.338966  0.007638038
1.339989  0.007631513
1.342107  0.007617987
1.343791  0.007607236
1.344477  0.007602862
1.345824  0.007594259
1.347597  0.007582943
1.347879  0.007581143
1.34813  0.007579536
1.348492  0.007577226
1.348623  0.007576393
1.350399  0.007565051
1.353966  0.007542283
1.354391  0.007539571
1.355335  0.007533542
1.356628  0.007525284
1.358623  0.007512551
1.360453  0.007500867
1.361861  0.007491878
1.362054  0.007490645
1.364099  0.007477592
1.365226  0.007470396
1.365276  0.007470077
1.366201  0.007464173
1.366356  0.007463183
1.366738  0.007460745
1.368254  0.007451065
1.370274  0.007438171
1.370541  0.007436468
1.371903  0.007427768
1.374958  0.007408267
1.375951  0.00740193
1.377326  0.007393148
1.378157  0.007387844
1.382339  0.00736115
1.382815  0.007358107
1.382849  0.007357891
1.383125  0.007356131
1.38377  0.00735201
1.384163  0.007349504
1.386053  0.00733744
1.386126  0.007336971
1.386497  0.007334605
1.387403  0.007328817
1.388938  0.007319018
1.39467  0.007282426
1.396004  0.007273914
1.396481  0.007270868
1.398231  0.007259692
1.399154  0.007253802
1.399168  0.007253709
1.399906  0.007248998
1.401503  0.007238802
1.403053  0.007228913
1.403495  0.007226088
1.404925  0.007216957
1.405021  0.007216346
1.406479  0.00720704
1.407742  0.007198977
1.409411  0.007188323
1.409974  0.007184723
1.411589  0.007174415
1.413365  0.007163077
1.413381  0.007162973
1.414593  0.007155236
1.41824  0.007131953
1.422378  0.007105536
1.422645  0.007103833
1.423179  0.007100423
1.423696  0.007097124
1.423758  0.007096732
1.425953  0.007082716
1.426494  0.007079261
1.426763  0.007077546
1.431389  0.007048012
1.432384  0.007041662
1.43331  0.007035752
1.433358  0.00703544
1.435805  0.007019819
1.43613  0.007017744
1.439181  0.00699827
1.43934  0.006997256
1.446418  0.006952067
1.449209  0.006934253
1.449351  0.00693334
1.451302  0.006920887
1.453909  0.006904247
1.45576  0.006892427
1.457065  0.006884098
1.457256  0.006882875
1.460763  0.006860489
1.462106  0.006851918
1.462673  0.006848295
1.465538  0.006830006
1.465688  0.006829046
1.467953  0.006814589
1.46801  0.006814225
1.468091  0.006813707
1.46866  0.006810073
1.470915  0.006795679
1.471288  0.006793299
1.472179  0.00678761
1.472891  0.006783063
1.473203  0.006781075
1.473865  0.006776845
1.477659  0.006752625
1.478529  0.006747073
1.478928  0.006744521
1.480197  0.006736421
1.483007  0.006718482
1.483333  0.006716399
1.484288  0.006710304
1.485822  0.006700512
1.486146  0.006698441
1.48636  0.006697081
1.487484  0.006689904
1.492653  0.006656906
1.493559  0.006651119
1.494515  0.006645018
1.496678  0.006631205
1.496989  0.006629221
1.500954  0.006608702
1.503401  0.006605375
1.503938  0.006604644
1.505434  0.00660261
1.507154  0.00660027
1.508187  0.006598865
1.509  0.00659776
1.514016  0.006590938
1.516271  0.006587871
1.525652  0.006575113
1.526975  0.006573314
1.528186  0.006571667
1.529038  0.006570508
1.532628  0.006565626
1.532776  0.006565425
1.53304  0.006565066
1.533881  0.006563922
1.535486  0.006561738
1.539499  0.006556282
1.542053  0.006552807
1.543054  0.006551447
1.543303  0.006551108
1.544148  0.006549959
1.545846  0.00654765
1.546016  0.006547418
1.54604  0.006547385
1.546541  0.006546704
1.548003  0.006544716
1.548008  0.006544709
1.548598  0.006543907
1.550402  0.006541454
1.550946  0.006540714
1.551995  0.006539286
1.553402  0.006537373
1.553999  0.006536562
1.554  0.006536561
1.554991  0.006535212
1.556094  0.006533712
1.556308  0.006533421
1.557948  0.00653119
1.558146  0.006530922
1.55908  0.006529651
1.559849  0.006528606
1.560651  0.006527515
1.561456  0.00652642
1.564436  0.006522368
1.564586  0.006522163
1.565032  0.006521557
1.566316  0.00651981
1.567013  0.006518862
1.568332  0.006517068
1.568976  0.006516192
1.571442  0.006512838
1.57558  0.006507211
1.57595  0.006506707
1.575993  0.00650665
1.577317  0.006504849
1.577651  0.006504394
1.58147  0.006499201
1.583578  0.006496333
1.585295  0.006493998
1.586923  0.006491785
1.587382  0.006491161
1.587769  0.006490634
1.590194  0.006487336
1.590764  0.006486561
1.591057  0.006486162
1.59215  0.006484676
1.594767  0.006481117
1.595086  0.006480682
1.595155  0.006480589
1.596532  0.006478717
1.596944  0.006478156
1.597082  0.006477968
1.599743  0.00647435
1.599762  0.006474324
1.600519  0.006473294
1.606524  0.006465128
1.606992  0.00646449
1.607005  0.006464473
1.607423  0.006463905
1.609715  0.006460787
1.609833  0.006460627
1.610603  0.00645958
1.611997  0.006457684
1.612845  0.006456531
1.613481  0.006455665
1.617169  0.006450651
1.620961  0.006445492
1.621796  0.006444357
1.622575  0.006443298
1.622853  0.006442919
1.624467  0.006440725
1.62853  0.0064352
1.628883  0.006434719
1.63375  0.0064281
1.634643  0.006426885
1.639808  0.006419861
1.640097  0.006419468
1.640119  0.006419438
1.640921  0.006418347
1.641691  0.006417301
1.642246  0.006416546
1.644568  0.006413388
1.645567  0.00641203
1.646443  0.006410837
1.64826  0.006408367
1.648274  0.006408348
1.649916  0.006406115
1.64992  0.006406109
1.651902  0.006403413
1.65246  0.006402654
1.653415  0.006401356
1.654512  0.006399863
1.65548  0.006398547
1.656611  0.006397009
1.65664  0.00639697
1.659024  0.006393728
1.660305  0.006391986
1.660319  0.006391967
1.660469  0.006391762
1.660484  0.006391741
1.660711  0.006391433
1.662914  0.006388437
1.66307  0.006388225
1.66376  0.006387286
1.664173  0.006386724
1.664393  0.006386425
1.665491  0.006384932
1.666584  0.006383446
1.666779  0.00638318
1.667335  0.006382424
1.668155  0.00638131
1.671157  0.006377227
1.671992  0.00637609
1.673039  0.006374667
1.673885  0.006373517
1.676827  0.006369515
1.677082  0.006369168
1.678334  0.006367465
1.679777  0.006365503
1.681145  0.006363643
1.681768  0.006362796
1.683987  0.006359777
1.687938  0.006354404
1.690822  0.006350482
1.691546  0.006349498
1.692493  0.006348209
1.692913  0.006347639
1.694132  0.00634598
1.694217  0.006345866
1.694901  0.006344934
1.696056  0.006343363
1.696856  0.006342275
1.697846  0.006340929
1.698329  0.006340273
1.700308  0.006337581
1.700485  0.006337341
1.701477  0.006335992
1.702208  0.006334998
1.704172  0.006332326
1.704449  0.006331949
1.705268  0.006330835
1.705809  0.0063301
1.707337  0.006328022
1.707369  0.006327978
1.708686  0.006326187
1.709515  0.006325059
1.710833  0.006323267
1.71217  0.006321449
1.712192  0.006321419
1.713238  0.006319997
1.713807  0.006319223
1.714094  0.006318832
1.715405  0.006317049
1.718547  0.006312776
1.719641  0.006311289
1.721815  0.006308332
1.722102  0.006307942
1.722989  0.006306735
1.723597  0.006305907
1.727009  0.006301267
1.727037  0.00630123
1.727383  0.006300759
1.72762  0.006300437
1.728925  0.006298662
1.729978  0.006297231
1.730873  0.006296012
1.734334  0.006291306
1.734727  0.006290772
1.737788  0.006286609
1.739879  0.006283765
1.742985  0.006279541
1.743574  0.006278739
1.74404  0.006278106
1.744625  0.006277311
1.746583  0.006274648
1.747827  0.006272955
1.751819  0.006271295
1.754331  0.006273083
1.757915  0.006275635
1.757953  0.006275663
1.761628  0.006278279
1.761847  0.006278435
1.763139  0.006279355
1.764709  0.006280473
1.764794  0.006280534
1.765284  0.006280882
1.766445  0.006281709
1.7665  0.006281748
1.766549  0.006281783
1.766931  0.006282055
1.76699  0.006282097
1.767339  0.006282346
1.767614  0.006282541
1.768566  0.006283219
1.768981  0.006283514
1.769305  0.006283745
1.769657  0.006283996
1.770824  0.006284826
1.773413  0.00628667
1.774344  0.006287333
1.775253  0.00628798
1.775479  0.006288141
1.777861  0.006289837
1.779721  0.006291161
1.782399  0.006293068
1.784548  0.006294598
1.784887  0.00629484
1.785029  0.006294941
1.785418  0.006295217
1.785898  0.006295559
1.789646  0.006298228
1.792468  0.006300237
1.794954  0.006302007
1.797654  0.006303929
1.797685  0.006303952
1.797938  0.006304132
1.7997  0.006305387
1.801555  0.006306708
1.80185  0.006306917
1.802826  0.006307612
1.803011  0.006307744
1.805943  0.006309832
1.808892  0.006311931
1.810494  0.006313071
1.811375  0.006313699
1.814473  0.006315905
1.81489  0.006316202
1.815144  0.006316382
1.81577  0.006316828
1.815992  0.006316986
1.816431  0.006317299
1.818898  0.006319055
1.82166  0.006321022
1.823661  0.006322447
1.823713  0.006322484
1.828232  0.006325701
1.829819  0.006326831
1.831672  0.006328151
1.832798  0.006328952
1.832805  0.006328957
1.834303  0.006330024
1.835787  0.006331081
1.840697  0.006334576
1.841121  0.006334878
1.845242  0.006337812
1.848791  0.006340339
1.849449  0.006340808
1.850233  0.006341366
1.851341  0.006342155
1.852365  0.006342884
1.853124  0.006343424
1.853219  0.006343492
1.853237  0.006343505
1.854482  0.006344391
1.854552  0.006344441
1.85508  0.006344817
1.8574  0.006346469
1.858773  0.006347446
1.858779  0.006347451
1.858955  0.006347576
1.861558  0.006349429
1.861739  0.006349558
1.86186  0.006349644
1.861867  0.006349649
1.864833  0.006351761
1.86513  0.006351973
1.866695  0.006353087
1.867192  0.006353441
1.868415  0.006354312
1.869108  0.006354805
1.871461  0.00635648
1.876257  0.006359895
1.877032  0.006360447
1.877335  0.006360662
1.877899  0.006361064
1.880278  0.006362758
1.882725  0.006364501
1.883524  0.006365069
1.88418  0.006365536
1.885324  0.006366351
1.886412  0.006367126
1.887638  0.006367998
1.89031  0.006369901
1.893519  0.006372186
1.893619  0.006372257
1.895566  0.006373643
1.895881  0.006373868
1.896252  0.006374132
1.903336  0.006379175
1.904796  0.006380215
1.905172  0.006380482
1.905307  0.006380578
1.90777  0.006382333
1.90802  0.00638251
1.908094  0.006382563
1.910607  0.006384352
1.913958  0.006386738
1.91717  0.006389025
1.919766  0.006390873
1.920346  0.006391286
1.921807  0.006392327
1.923911  0.006393825
1.92478  0.006394444
1.925438  0.006394912
1.928651  0.006397199
1.929795  0.006398014
1.930338  0.0063984
1.931282  0.006399072
1.931632  0.006399322
1.931802  0.006399443
1.932854  0.006400192
1.933052  0.006400333
1.933829  0.006400886
1.934198  0.006401149
1.934289  0.006401214
1.936462  0.006402761
1.937674  0.006403624
1.938268  0.006404047
1.938929  0.006404517
1.94228  0.006406903
1.94284  0.006407302
1.942952  0.006407382
1.944762  0.006408671
1.945559  0.006409238
1.947871  0.006410884
1.948616  0.006411415
1.95019  0.006412535
1.951018  0.006413125
1.95407  0.006415298
1.954153  0.006415357
1.954483  0.006415592
1.955287  0.006416165
1.956166  0.00641679
1.956961  0.006417357
1.957268  0.006417575
1.958954  0.006418775
1.959592  0.00641923
1.959945  0.006419481
1.961271  0.006420425
1.966219  0.006423948
1.96817  0.006425337
1.968255  0.006425398
1.96844  0.00642553
1.969372  0.006426193
1.970247  0.006426816
1.971442  0.006427667
1.971573  0.00642776
1.972451  0.006428385
1.973968  0.006429465
1.974696  0.006429984
1.975149  0.006430306
1.977606  0.006432056
1.978645  0.006432795
1.980425  0.006434062
1.981286  0.006434676
1.981754  0.006435009
1.98215  0.00643529
1.985074  0.006437373
1.986367  0.006438293
1.987438  0.006439056
1.988659  0.006439925
1.991011  0.0064416
1.991274  0.006441787
1.991567  0.006441996
1.994408  0.006444018
1.994451  0.006444049
1.994973  0.006444421
1.995141  0.00644454
1.995873  0.006445062
1.999566  0.006447691
2.002641  0.006450535
2.004166  0.006451999
2.005224  0.006453015
2.006665  0.006454398
2.009002  0.006456642
2.009013  0.006456652
2.009342  0.006456968
2.009374  0.006456999
2.014359  0.006461785
2.015514  0.006462894
2.015781  0.00646315
2.018062  0.006465339
2.019563  0.006466781
2.02294  0.006470023
2.022969  0.006470051
2.024542  0.00647156
2.025519  0.006472498
2.026135  0.006473089
2.026416  0.006473359
2.028328  0.006475195
2.028811  0.006475658
2.032205  0.006478917
2.03348  0.006480141
2.036438  0.00648298
2.038714  0.006485165
2.039446  0.006485868
2.041232  0.006487582
2.044132  0.006490367
2.044957  0.006491158
2.045971  0.006492132
2.046973  0.006493094
2.047352  0.006493458
2.047598  0.006493694
2.048006  0.006494086
2.048327  0.006494394
2.048762  0.006494811
2.049581  0.006495598
2.050804  0.006496772
2.053375  0.00649924
2.056842  0.006502568
2.058637  0.006504292
2.059318  0.006504945
2.059708  0.00650532
2.063388  0.006508852
2.064241  0.006509672
2.065192  0.006510584
2.066596  0.006511932
2.070429  0.006515612
2.072583  0.00651768
2.076803  0.00652173
2.077991  0.006522871
2.078594  0.00652345
2.079372  0.006524198
2.08005  0.006524848
2.081547  0.006526285
2.082541  0.006527239
2.08416  0.006528794
2.088072  0.006532549
2.089587  0.006534003
2.090748  0.006535119
2.091752  0.006536082
2.096747  0.006540877
2.097164  0.006541278
2.098219  0.006542291
2.100314  0.006544301
2.100368  0.006544353
2.102445  0.006546347
2.102525  0.006546424
2.103784  0.006547633
2.104537  0.006548355
2.104715  0.006548526
2.104906  0.00654871
2.105261  0.006549051
2.105824  0.006549591
2.10584  0.006549607
2.107662  0.006551355
2.108785  0.006552434
2.109792  0.0065534
2.111375  0.00655492
2.113904  0.006557348
2.114348  0.006557774
2.114709  0.006558121
2.115223  0.006558614
2.117906  0.006561189
2.119072  0.00656231
2.120189  0.006563381
2.121752  0.006564882
2.122562  0.006565659
2.123187  0.00656626
2.125647  0.006568621
2.126622  0.006569557
2.127962  0.006570843
2.12917  0.006572004
2.131216  0.006573968
2.132903  0.006575587
2.133187  0.00657586
2.133599  0.006576255
2.134396  0.00657702
2.135109  0.006577705
2.135388  0.006577973
2.135513  0.006578093
2.136529  0.006579068
2.136549  0.006579087
2.136874  0.006579399
2.13693  0.006579453
2.137648  0.006580142
2.138636  0.006581091
2.140266  0.006582656
2.140983  0.006583344
2.141455  0.006583797
2.142106  0.006584421
2.143706  0.006585958
2.144312  0.006586539
2.146155  0.006588308
2.148542  0.0065906
2.149159  0.006591193
2.153716  0.006595568
2.153809  0.006595656
2.154879  0.006596684
2.154915  0.006596718
2.161146  0.0066027
2.162072  0.006603589
2.162613  0.006604108
2.165648  0.006607022
2.165784  0.006607153
2.167485  0.006608786
2.167984  0.006609264
2.168373  0.006609638
2.168517  0.006609777
2.170543  0.006611721
2.171272  0.006612421
2.172908  0.006613991
2.173331  0.006614398
2.174365  0.00661539
2.176165  0.006617118
2.176748  0.006617678
2.177773  0.006618662
2.177863  0.006618748
2.18144  0.006622183
2.182272  0.006622981
2.18232  0.006623028
2.182896  0.00662358
2.188262  0.006628732
2.18907  0.006629507
2.190994  0.006631354
2.194576  0.006634793
2.195376  0.006635561
2.19553  0.006635709
2.197649  0.006637743
2.198536  0.006638594
2.198832  0.006638878
2.200641  0.006640616
2.201827  0.006641754
2.205056  0.006644854
2.20808  0.006647757
2.209064  0.006648702
2.20926  0.006648889
2.212737  0.006652227
2.213736  0.006653187
2.214036  0.006653474
2.215822  0.006655189
2.216004  0.006655364
2.21676  0.00665609
2.218252  0.006657522
2.222429  0.006661532
2.22263  0.006661725
2.227407  0.006666311
2.229584  0.0066684
2.22974  0.00666855
2.229851  0.006668657
2.230704  0.006669476
2.231946  0.006670668
2.236075  0.006674632
2.236316  0.006674863
2.237641  0.006676136
2.238807  0.006677255
2.240873  0.006679238
2.241247  0.006679597
2.241506  0.006679846
2.241794  0.006680122
2.242753  0.006681042
2.243555  0.006681812
2.243612  0.006681867
2.244366  0.006682591
2.244892  0.006683096
2.245621  0.006683796
2.248135  0.00668621
2.248896  0.00668694
2.249163  0.006687197
2.250692  0.006689684
2.2509  0.006690188
2.252797  0.006694802
2.254392  0.006698681
2.25489  0.006699892
2.256497  0.006703801
2.256607  0.006704067
2.257116  0.006705306
2.257402  0.006706001
2.257463  0.006706151
2.257501  0.006706244
2.259323  0.006710674
2.259356  0.006710754
2.260402  0.006713298
2.260797  0.006714258
2.261097  0.006714987
2.26171  0.006716478
2.262909  0.006719395
2.264529  0.006723335
2.267061  0.006729492
2.267393  0.006730299
2.26754  0.006730657
2.26914  0.006734548
2.270322  0.006737423
2.270381  0.006737567
2.27103  0.006739144
2.273089  0.006744152
2.27344  0.006745006
2.274603  0.006747835
2.274995  0.006748787
2.27872  0.006757846
2.280018  0.006761004
2.28265  0.006767406
2.2848  0.006772633
2.286917  0.006777782
2.287395  0.006778945
2.292012  0.006790172
2.292317  0.006790916
2.293077  0.006792764
2.298925  0.006806986
2.299776  0.006809054
2.300199  0.006810085
2.301031  0.006812108
2.301139  0.00681237
2.301976  0.006814406
2.302141  0.006814808
2.302237  0.00681504
2.302329  0.006815263
2.30258  0.006815875
2.304119  0.006819618
2.305035  0.006821844
2.306497  0.006825402
2.307847  0.006828683
2.308896  0.006831235
2.309583  0.006832905
2.309632  0.006833026
2.310706  0.006835636
2.31828  0.006854058
2.31933  0.00685661
2.321537  0.006861979
2.323448  0.006866626
2.323615  0.006867032
2.326255  0.006873452
2.326845  0.006874886
2.327811  0.006877236
2.328821  0.006879692
2.329029  0.006880199
2.330243  0.00688315
2.330292  0.00688327
2.330716  0.006884301
2.331414  0.006885999
2.33172  0.006886743
2.332476  0.006888583
2.333439  0.006890923
2.334317  0.006893059
2.334536  0.006893591
2.337213  0.006900101
2.339912  0.006906666
2.340903  0.006909076
2.342357  0.006912613
2.342884  0.006913893
2.345059  0.006919183
2.347329  0.006924704
2.349219  0.0069293
2.350148  0.00693156
2.351295  0.00693435
2.352368  0.006936959
2.352482  0.006937236
2.354333  0.006941738
2.354693  0.006942613
2.355501  0.006944578
2.356499  0.006947005
2.359167  0.006953494
2.360798  0.006957461
2.361348  0.006958798
2.36162  0.006959459
2.36212  0.006960677
2.363338  0.006963638
2.363478  0.006963978
2.364542  0.006966567
2.365048  0.006967796
2.366395  0.006971071
2.36902  0.006977457
2.369144  0.006977759
2.369725  0.006979171
2.370829  0.006981855
2.370984  0.006982233
2.372818  0.006986693
2.374071  0.006989741
2.374333  0.006990378
2.375534  0.0069933
2.377114  0.006997141
2.377327  0.006997659
2.377723  0.006998622
2.377934  0.006999135
2.378679  0.007000947
2.378871  0.007001414
2.380182  0.007004602
2.380643  0.007005725
2.382957  0.007011351
2.383711  0.007013184
2.384101  0.007014134
2.384117  0.007014172
2.385004  0.00701633
2.385136  0.007016651
2.386432  0.007019803
2.387561  0.007022549
2.390079  0.007028673
2.390596  0.00702993
2.390954  0.007030799
2.391805  0.007032869
2.392428  0.007034386
2.394939  0.007040491
2.395112  0.007040912
2.396153  0.007043444
2.396446  0.007044157
2.396866  0.007045179
2.396912  0.00704529
2.397426  0.00704654
2.399482  0.00705154
2.399815  0.007052351
2.39982  0.007052362
2.400825  0.007054808
2.401775  0.007057116
2.402645  0.007059233
2.403846  0.007062154
2.405022  0.007065014
2.406385  0.007068328
2.406594  0.007068836
2.407486  0.007071005
2.408491  0.007073451
2.410166  0.007077523
2.414533  0.007088144
2.414755  0.007088684
2.415498  0.007090492
2.415814  0.007091259
2.416671  0.007093343
2.417591  0.007095581
2.417895  0.007096321
2.418796  0.007098512
2.418938  0.007098857
2.419105  0.007099264
2.420365  0.007102327
2.421373  0.007104779
2.422013  0.007106334
2.425507  0.007114832
2.425531  0.007114892
2.428815  0.007122878
2.430269  0.007126414
2.43159  0.007129627
2.433116  0.007133337
2.433378  0.007133976
2.433477  0.007134215
2.433661  0.007134664
2.434666  0.007137107
2.436833  0.007142377
2.439328  0.007148445
2.440925  0.007152331
2.444102  0.007160055
2.444675  0.007161449
2.444993  0.007162223
2.445915  0.007164465
2.446312  0.00716543
2.447938  0.007169386
2.448329  0.007170335
2.448939  0.00717182
2.449573  0.007173363
2.449625  0.007173487
2.449921  0.007174207
2.450314  0.007175163
2.451717  0.007178575
2.452389  0.007180209
2.454379  0.007185051
2.45472  0.007185878
2.454742  0.007185931
2.454786  0.007186041
2.456621  0.007190502
2.460814  0.0072007
2.461307  0.007201899
2.462061  0.007203732
2.462721  0.007205337
2.463602  0.00720748
2.464103  0.007208699
2.467246  0.007216343
2.468215  0.007218698
2.468561  0.00721954
2.470689  0.007224716
2.474942  0.007235059
2.47704  0.007240162
2.479825  0.007246935
2.480662  0.007248969
2.482985  0.00725462
2.485204  0.007260016
2.48643  0.007262998
2.489905  0.007271449
2.490062  0.00727183
2.490534  0.007272978
2.491158  0.007274497
2.491936  0.007276389
2.492432  0.007277593
2.493887  0.007281132
2.494051  0.007281532
2.494748  0.007283228
2.494756  0.007283247
2.495054  0.007283971
2.496195  0.007286747
2.49628  0.007286952
2.498021  0.007291188
2.498605  0.007292607
2.499899  0.007295754
2.505141  0.007307104
2.506371  0.007309761
2.506383  0.007309787
2.508122  0.007313543
2.508315  0.00731396
2.510879  0.007319499
2.511671  0.007321209
2.516896  0.007332495
2.519981  0.007339158
2.520968  0.00734129
2.521153  0.007341691
2.521507  0.007342455
2.521508  0.007342456
2.523828  0.007347469
2.523902  0.007347629
2.52413  0.007348122
2.524939  0.007349868
2.526263  0.007352729
2.526367  0.007352953
2.526561  0.007353373
2.526797  0.007353882
2.528533  0.007357631
2.529261  0.007359204
2.52941  0.007359526
2.530117  0.007361053
2.530522  0.007361927
2.532544  0.007366295
2.532687  0.007366605
2.536203  0.007374199
2.538143  0.00737839
2.538699  0.007379589
2.539025  0.007380295
2.540616  0.007383731
2.542075  0.007386882
2.544966  0.007393128
2.546599  0.007396653
2.547994  0.007399667
2.548325  0.007400381
2.549041  0.007401928
2.55028  0.007404605
2.550374  0.007404808
2.551204  0.0074066
2.552167  0.00740868
2.554074  0.0074128
2.555673  0.007416253
2.560661  0.007427029
2.561474  0.007428783
2.562845  0.007431745
2.563167  0.00743244
2.564542  0.00743541
2.56561  0.007437718
2.565888  0.007438317
2.567241  0.007441241
2.569298  0.007445683
2.569532  0.007446189
2.570101  0.007447418
2.57172  0.007450915
2.572348  0.007452272
2.575151  0.007458326
2.576111  0.007460399
2.576828  0.007461949
2.577542  0.007463491
2.578009  0.007464499
2.580379  0.00746962
2.581042  0.00747105
2.582157  0.007473459
2.583591  0.007476557
2.584752  0.007479064
2.584868  0.007479314
2.589511  0.007489344
2.59019  0.00749081
2.590848  0.007492231
2.591275  0.007493154
2.593369  0.007497677
2.594045  0.007499136
2.595481  0.007502238
2.595913  0.007503172
2.601226  0.007514648
2.603784  0.007520173
2.60563  0.007524161
2.606152  0.007525287
2.606558  0.007526165
2.607223  0.007527603
2.608892  0.007531208
2.610178  0.007533983
2.612598  0.007539212
2.61409  0.007542434
2.620762  0.007556846
2.6241  0.007564056
2.625249  0.007566537
2.62798  0.007572437
2.628447  0.007573446
2.628641  0.007573865
2.628968  0.00757457
2.630037  0.007576881
2.633167  0.00758364
2.633658  0.007584702
2.634047  0.007585541
2.63557  0.007588831
2.636467  0.007590769
2.639621  0.007597581
2.640058  0.007598525
2.640763  0.007600049
2.640875  0.00760029
2.64253  0.007603866
2.642627  0.007604074
2.644216  0.007607506
2.644803  0.007608775
2.645528  0.007610341
2.645924  0.007611195
2.648617  0.007617012
2.649295  0.007618477
2.652658  0.00762574
2.653186  0.007626882
2.658104  0.007637505
2.662591  0.007647196
2.663461  0.007649077
2.664735  0.007651828
2.6657  0.007653912
2.667036  0.007656798
2.668305  0.007659539
2.668808  0.007660626
2.673668  0.007671122
2.675717  0.00767555
2.675916  0.007675979
2.676003  0.007676166
2.678488  0.007681533
2.683761  0.007692923
2.684281  0.007694047
2.685777  0.007697279
2.686286  0.007698377
2.687  0.00769992
2.696223  0.007719841
2.696852  0.007721201
2.698858  0.007725532
2.701346  0.007730906
2.701785  0.007731855
2.704209  0.007737092
2.70501  0.007738823
2.707775  0.007744795
2.707952  0.007745176
2.7081  0.007745496
2.710748  0.007751215
2.711109  0.007751996
2.711704  0.00775328
2.711851  0.007753599
2.716968  0.00776465
2.717784  0.007766414
2.718679  0.007768347
2.718767  0.007768537
2.720981  0.007773319
2.724745  0.00778145
2.726069  0.00778431
2.726549  0.007785346
2.727198  0.007786748
2.729052  0.007790751
2.730569  0.007794029
2.730701  0.007794315
2.730755  0.00779443
2.733212  0.007799739
2.735468  0.00780461
2.735574  0.00780484
2.73678  0.007807445
2.738764  0.007811731
2.73884  0.007811895
2.739575  0.007813482
2.740848  0.007816232
2.741341  0.007817298
2.742588  0.007819989
2.747455  0.007830504
2.748951  0.007833734
2.75033  0.007837252
2.750491  0.007837862
2.751354  0.007841134
2.751491  0.007841654
2.756353  0.007860092
2.756777  0.007861697
2.760207  0.007874707
2.760525  0.007875912
2.761194  0.007878449
2.761746  0.007880542
2.762303  0.007882652
2.769503  0.007909957
2.770933  0.007915376
2.777214  0.007939196
2.777451  0.007940096
2.777639  0.007940809
2.784511  0.007966864
2.786304  0.007973665
2.787764  0.007979202
2.78809  0.007980439
2.789539  0.007985933
2.791785  0.007994448
2.792025  0.00799536
2.792933  0.007998801
2.793348  0.008000375
2.793533  0.008001076
2.796336  0.008011705
2.800857  0.008028848
2.802176  0.00803385
2.803353  0.008038316
2.803495  0.008038854
2.804506  0.008042685
2.804823  0.008043889
2.805341  0.008045853
2.805947  0.008048152
2.806051  0.008048546
2.810746  0.00806635
2.81101  0.008067351
2.813687  0.008077502
2.814746  0.008081518
2.815719  0.008085205
2.819106  0.008098051
2.822927  0.008112538
2.823119  0.008113269
2.825006  0.008120421
2.827354  0.008129325
2.82755  0.00813007
2.82784  0.008131171
2.82787  0.008131281
2.832192  0.008147674
2.832525  0.008148937
2.833532  0.008152755
2.835634  0.008160725
2.8374  0.008167422
2.839256  0.008174461
2.842647  0.008187317
2.843969  0.008192332
2.844255  0.008193416
2.846761  0.008202919
2.8486  0.008209893
2.848965  0.008211274
2.849421  0.008213003
2.856267  0.008238965
2.85749  0.008243603
2.859812  0.008252409
2.859856  0.008252575
2.860512  0.008255061
2.860932  0.008256655
2.863241  0.008265411
2.86428  0.008269349
2.865212  0.008272884
2.866059  0.008276094
2.869139  0.008287773
2.869824  0.008290373
2.8701  0.00829142
2.871182  0.008295521
2.871814  0.008297918
2.872941  0.008302194
2.873876  0.00830574
2.877123  0.008318051
2.877717  0.008320303
2.877808  0.008320648
2.87837  0.00832278
2.878893  0.00832476
2.878929  0.008324899
2.879308  0.008326337
2.880108  0.008329371
2.885138  0.008348443
2.885866  0.008351203
2.886164  0.008352333
2.887556  0.008357611
2.890814  0.008369968
2.892122  0.008374925
2.89218  0.008375148
2.892239  0.00837537
2.892464  0.008376223
2.893729  0.00838102
2.895557  0.008387953
2.896218  0.008390459
2.896864  0.00839291
2.898923  0.008400716
2.900326  0.008406036
2.900677  0.008407367
2.904641  0.008422398
2.905382  0.008425209
2.905523  0.008425743
2.905744  0.008426581
2.905838  0.008426936
2.908403  0.008436666
2.909128  0.008439415
2.909524  0.008440915
2.909774  0.008441862
2.910662  0.008445229
2.912529  0.00845231
2.912812  0.008453384
2.915167  0.008462314
2.915274  0.008462719
2.919691  0.008479468
2.92223  0.008489097
2.925222  0.008500443
2.925447  0.008501296
2.925694  0.008502233
2.92637  0.008504794
2.926637  0.008505807
2.931889  0.008525722
2.932303  0.008527293
2.934421  0.008535323
2.936104  0.008541706
2.936329  0.008542558
2.936666  0.008543839
2.936796  0.00854433
2.937244  0.008546029
2.941893  0.008563657
2.942125  0.008564537
2.94244  0.008565732
2.9443  0.008572786
2.947596  0.008585284
2.948626  0.00858919
2.950008  0.008594431
2.954315  0.008610764
2.957276  0.008621991
2.957543  0.008623002
2.958204  0.008625511
2.959653  0.008631003
2.962576  0.00864209
2.964978  0.008651198
2.965391  0.008652764
2.966921  0.008658564
2.967245  0.008659792
2.969137  0.008666969
2.969762  0.008669336
2.971251  0.008674985
2.972039  0.008677973
2.97224  0.008678735
2.972805  0.008680878
2.974407  0.008686952
2.97462  0.00868776
2.976812  0.008696072
2.977296  0.008697906
2.978479  0.008702393
2.981185  0.008712653
2.981717  0.008714671
2.982732  0.008718521
2.984896  0.008726726
2.985598  0.008729388
2.985621  0.008729476
2.986464  0.008732672
2.986886  0.008734271
2.987054  0.00873491
2.987457  0.008736438
2.987946  0.008738292
2.98805  0.008738684
2.988581  0.008740701
2.988862  0.008741765
2.988962  0.008742144
2.989561  0.008744414
2.99052  0.008748052
2.99271  0.008756358
2.992816  0.008756759
2.993268  0.008758471
2.993285  0.008758535
2.993893  0.008760842
2.994693  0.008763875
2.995846  0.008768249
2.996481  0.008770654
2.997073  0.008772899
3.002129  0.008790439
3.002462  0.008791444
3.003927  0.008795877
3.004565  0.008797805
3.005893  0.00880182
3.006334  0.008803154
3.008105  0.00880851
3.00872  0.008810371
3.009514  0.008812769
3.009978  0.008814172
3.010001  0.008814242
3.01058  0.008815993
3.010786  0.008816618
3.011671  0.008819294
3.014352  0.008827401
3.016345  0.008833428
3.017849  0.008837975
3.018477  0.008839875
3.018932  0.00884125
3.019086  0.008841715
3.02072  0.008846658
3.021465  0.008848911
3.021647  0.008849461
3.023042  0.008853679
3.0262  0.00886323
3.031877  0.008880395
3.032454  0.008882142
3.032605  0.008882597
3.035422  0.008891115
3.040855  0.008907546
3.041067  0.008908187
3.043263  0.008914828
3.046432  0.008924409
3.047008  0.008926151
3.050328  0.008936191
3.05134  0.008939252
3.051817  0.008940695
3.052201  0.008941856
3.053044  0.008944404
3.05526  0.008951105
3.056005  0.00895336
3.056616  0.008955207
3.05672  0.008955523
3.057635  0.008958287
3.057706  0.008958504
3.061914  0.008971227
3.062787  0.008973869
3.063178  0.008975051
3.063345  0.008975554
3.064034  0.00897764
3.064781  0.008979897
3.065431  0.008981862
3.068906  0.008992372
3.069405  0.00899388
3.069714  0.008994815
3.071005  0.008998719
3.072038  0.009001844
3.073135  0.009005159
3.07381  0.0090072
3.075709  0.009012945
3.075787  0.009013181
3.076092  0.009014103
3.076108  0.009014151
3.080156  0.009026392
3.080766  0.009028236
3.087184  0.009047645
3.088143  0.009050544
3.090679  0.009058213
3.091277  0.009060023
3.091614  0.009061041
3.09552  0.009072853
3.0965  0.009075816
3.09699  0.009077299
3.098852  0.009082927
3.099043  0.009083508
3.099735  0.009085599
3.100005  0.009086415
3.100065  0.009086598
3.100896  0.009089109
3.101266  0.009090229
3.102166  0.009092949
3.102295  0.009093341
3.102567  0.009094162
3.102913  0.009095208
3.105888  0.009104206
3.107431  0.00910887
3.107598  0.009109376
3.108784  0.009112963
3.109694  0.009115714
3.110605  0.009118468
3.110791  0.009119031
3.111517  0.009121227
3.11481  0.009131186
3.119255  0.009144626
3.12098  0.009149843
3.121147  0.009150348
3.122491  0.009154413
3.123857  0.009158544
3.124131  0.009159373
3.125637  0.009163927
3.126554  0.009166699
3.12889  0.009173764
3.129178  0.009174634
3.132548  0.009184824
3.132676  0.009185212
3.133049  0.009186339
3.134049  0.009189365
3.134973  0.009192157
3.137459  0.009199675
3.138661  0.009203311
3.139619  0.009206208
3.141335  0.009211397
3.141495  0.009211882
3.141657  0.009212372
3.142012  0.009213444
3.142505  0.009214936
3.143658  0.009218423
3.14427  0.009220272
3.144813  0.009221916
3.146129  0.009225893
3.146851  0.009228077
3.147279  0.00922937
3.148876  0.0092342
3.149759  0.00923687
3.15089  0.009240291
3.151677  0.00924267
3.152732  0.009245861
3.153152  0.009247131
3.15496  0.009252599
3.15545  0.009254081
3.155507  0.009254254
3.155718  0.00925489
3.156306  0.00925667
3.158609  0.009263634
3.1612  0.009271468
3.164255  0.009280708
3.16655  0.009287649
3.170691  0.00930017
3.170824  0.009300573
3.171185  0.009301662
3.171881  0.009303768
3.171989  0.009304093
3.172915  0.009306895
3.173477  0.009308594
3.174519  0.009311745
3.178721  0.009324453
3.178886  0.009324952
3.179488  0.009326772
3.180005  0.009328335
3.181595  0.009333143
3.182083  0.00933462
3.182519  0.009335936
3.182872  0.009337004
3.184038  0.00934053
3.184196  0.00934101
3.186207  0.009347089
3.188671  0.00935454
3.190069  0.009358769
3.192895  0.009367315
3.194113  0.009370996
3.194586  0.009372427
3.196747  0.009378964
3.197013  0.009379767
3.197165  0.009380227
3.199602  0.009387595
3.201662  0.009393825
3.201717  0.009393993
3.201768  0.009394147
3.204062  0.009401083
3.205128  0.009404308
3.206002  0.009406949
3.206581  0.0094087
3.208935  0.009415821
3.210049  0.009419188
3.212511  0.009426633
3.215943  0.009437012
3.218156  0.009443705
3.221867  0.009454925
3.223454  0.009459724
3.224147  0.009461821
3.226234  0.009468133
3.227292  0.009471331
3.227614  0.009472304
3.228503  0.009474993
3.233477  0.009490034
3.233498  0.009490097
3.23433  0.009492614
3.234385  0.00949278
3.236042  0.009497791
3.236264  0.009498462
3.236657  0.009499651
3.238216  0.009504367
3.239041  0.00950686
3.241039  0.009512902
3.241272  0.009513606
3.241985  0.009515763
3.242639  0.00951774
3.244188  0.009522425
3.245017  0.009524932
3.246155  0.009528374
3.248252  0.009534713
3.248876  0.009536602
3.249565  0.009538686
3.249845  0.009539531
3.253396  0.009553503
3.254246  0.009556881
3.260626  0.009582248
3.261389  0.009585283
3.26301  0.009591729
3.263794  0.009594845
3.265061  0.009599884
3.267194  0.009608364
3.267397  0.009609171
3.27106  0.009623736
3.271119  0.009623971
3.27172  0.00962636
3.272667  0.009630122
3.272667  0.009630123
3.273727  0.009634337
3.273975  0.009635325
3.274084  0.009635758
3.27521  0.009640234
3.275438  0.009641141
3.2767  0.009646158
3.280221  0.009660158
3.280534  0.009661405
3.281628  0.009665753
3.282002  0.00966724
3.282069  0.009667507
3.282167  0.009667896
3.283475  0.009673098
3.283977  0.009675093
3.284001  0.009675189
3.285285  0.009680292
3.285788  0.009682294
3.286228  0.009684044
3.287419  0.009688776
3.287795  0.009690274
3.289096  0.009695445
3.291269  0.009704086
3.293416  0.009712622
3.296463  0.009724736
3.29754  0.009729021
3.298661  0.009733478
3.2989  0.009734428
3.299086  0.009735167
3.299548  0.009737005
3.302885  0.009750272
3.30368  0.009753431
3.303827  0.009754014
3.314013  0.009794515
3.315177  0.009799144
3.315798  0.009801612
3.316683  0.009805133
3.317023  0.009806484
3.317225  0.009807287
3.317545  0.00980856
3.317617  0.009808845
3.31786  0.009809811
3.318005  0.009810386
3.318832  0.009813677
3.323064  0.009830501
3.323331  0.009831564
3.323803  0.009833442
3.325789  0.009841337
3.325927  0.009841885
3.327392  0.009847712
3.327586  0.009848481
3.328933  0.009853838
3.329457  0.009855919
3.32957  0.009856369
3.329905  0.009857703
3.329951  0.009857886
3.330819  0.009861338
3.332307  0.009867252
3.333554  0.009872212
3.334099  0.009874376
3.335098  0.00987835
3.339318  0.009895128
3.339511  0.009895896
3.339582  0.009896176
3.341124  0.00990231
3.341277  0.009902917
3.341909  0.009905432
3.343217  0.009910631
3.344735  0.009916666
3.346051  0.009921897
3.346412  0.009923335
3.348655  0.009932253
3.348809  0.009932864
3.349669  0.009936286
3.351511  0.009943609
3.353113  0.009949976
3.353217  0.009950391
3.35331  0.009950761
3.354785  0.009956624
3.356071  0.00996174
3.3562  0.009962252
3.357223  0.009966319
3.357692  0.009968184
3.357914  0.009969067
3.359244  0.009974354
3.35962  0.009975848
3.360647  0.009979932
3.36245  0.009987099
3.363359  0.009990716
3.364691  0.009996012
3.365825  0.01000052
3.366454  0.01000302
3.376361  0.01004241
3.378133  0.01004946
3.378542  0.01005108
3.379039  0.01005306
3.379236  0.01005384
3.37995  0.01005668
3.38071  0.0100597
3.381519  0.01006292
3.382662  0.01006746
3.382707  0.01006764
3.382747  0.0100678
3.383389  0.01007036
3.38373  0.01007171
3.385427  0.01007846
3.387446  0.01008648
3.388392  0.01009025
3.389682  0.01009538
3.391086  0.01010096
3.399219  0.0101333
3.399285  0.01013356
3.399569  0.01013469
3.400821  0.01013967
3.403462  0.01015016
3.403926  0.01015201
3.407799  0.01016741
3.412706  0.01018692
3.413543  0.01019025
3.4139  0.01019167
3.414391  0.01019362
3.415715  0.01019888
3.41616  0.01020065
3.416199  0.01020081
3.417593  0.01020635
3.418067  0.01020823
3.418599  0.01021035
3.419139  0.01021249
3.419302  0.01021314
3.419448  0.01021372
3.420299  0.01021711
3.420627  0.01021841
3.421196  0.01022067
3.421731  0.0102228
3.424466  0.01023368
3.427776  0.01024684
3.429766  0.01025475
3.429838  0.01025504
3.430819  0.01025893
3.431378  0.01026116
3.434006  0.01027161
3.43448  0.01027349
3.436005  0.01027956
3.436336  0.01028087
3.437893  0.01028706
3.438912  0.01029112
3.441681  0.01030213
3.442222  0.01030427
3.443376  0.01030886
3.445475  0.01031721
3.44835  0.01032864
3.449154  0.01033184
3.449244  0.0103322
3.449761  0.01033425
3.450195  0.01033597
3.451654  0.01034178
3.453088  0.01034748
3.456213  0.0103599
3.456506  0.01036107
3.458881  0.01037051
3.459551  0.01037317
3.46441  0.0103925
3.465336  0.01039618
3.469174  0.01041144
3.46931  0.01041198
3.47009  0.01041508
3.472174  0.01042336
3.477002  0.01044256
3.47796  0.01044637
3.478123  0.01044702
3.478356  0.01044794
3.479927  0.01045419
3.481314  0.01045971
3.483565  0.01046865
3.483915  0.01047004
3.485965  0.0104782
3.487338  0.01048366
3.48912  0.01049074
3.491113  0.01049867
3.49113  0.01049873
3.492871  0.01050566
3.493315  0.01050742
3.496951  0.01052188
3.498736  0.01052898
3.499134  0.01053056
3.49934  0.01053138
3.499433  0.01053175
3.499773  0.0105331
3.503959  0.01055026
3.509208  0.01057183
3.510445  0.01057691
3.511533  0.01058138
3.512753  0.01058639
3.513167  0.01058809
3.513693  0.01059025
3.51425  0.01059254
3.515037  0.01059577
3.517515  0.01060595
3.517703  0.01060672
3.519609  0.01061455
3.524035  0.01063274
3.524618  0.01063513
3.525025  0.0106368
3.525203  0.01063753
3.525498  0.01063875
3.525658  0.0106394
3.527426  0.01064667
3.527811  0.01064825
3.527854  0.01064842
3.52846  0.01065091
3.530607  0.01065973
3.531987  0.0106654
3.532078  0.01066578
3.533915  0.01067332
3.533945  0.01067345
3.536671  0.01068464
3.536785  0.01068511
3.537977  0.01069001
3.539852  0.01069771
3.540909  0.01070206
3.541175  0.01070315
3.543435  0.01071243
3.543624  0.01071321
3.543924  0.01071444
3.544152  0.01071538
3.544956  0.01071868
3.546617  0.0107255
3.547391  0.01072868
3.549519  0.01073742
3.550302  0.01074064
3.551552  0.01074578
3.552683  0.01075042
3.553069  0.01075201
3.553663  0.01075445
3.556134  0.0107646
3.556625  0.01076661
3.558455  0.01077413
3.559362  0.01077786
3.560616  0.01078301
3.560882  0.0107841
3.563145  0.0107934
3.564031  0.01079704
3.564313  0.0107982
3.56436  0.01079839
3.567153  0.01080987
3.568364  0.01081484
3.57093  0.01082538
3.57099  0.01082563
3.573217  0.01083478
3.574112  0.01083845
3.57719  0.0108511
3.577494  0.01085235
3.57816  0.01085508
3.57948  0.0108605
3.582538  0.01087307
3.583153  0.01087559
3.58424  0.01088006
3.584577  0.01088144
3.584698  0.01088194
3.58565  0.01088585
3.586641  0.01088992
3.586648  0.01088995
3.587396  0.01089302
3.587617  0.01089393
3.589108  0.01090006
3.591197  0.01090864
3.59301  0.01091609
3.594081  0.01092049
3.596781  0.01093158
3.59828  0.01093773
3.598373  0.01093811
3.598405  0.01093825
3.601108  0.01094935
3.602264  0.0109541
3.602472  0.01095496
3.602645  0.01095567
3.603131  0.01095766
3.604491  0.01096325
3.607122  0.01097406
3.61729  0.01101583
3.618924  0.01102254
3.619345  0.01102427
3.620919  0.01103073
3.625491  0.01104952
3.625663  0.01105023
3.628002  0.01105983
3.630955  0.01107196
3.631167  0.01107283
3.632106  0.01107669
3.633283  0.01108153
3.633339  0.01108176
3.634072  0.01108477
3.634631  0.01108707
3.635333  0.01108995
3.637562  0.01109911
3.63983  0.01110842
3.643839  0.01112489
3.644387  0.01112714
3.644698  0.01112842
3.645301  0.0111309
3.646861  0.01113731
3.647122  0.01113838
3.650085  0.01115055
3.650802  0.01115349
3.651217  0.0111552
3.652079  0.01115874
3.654366  0.01116814
3.654597  0.01116909
3.654938  0.01117049
3.657446  0.01118079
3.658768  0.01118622
3.660414  0.01119298
3.660495  0.01119331
3.660796  0.01119455
3.660974  0.01119528
3.661166  0.01119607
3.662716  0.01120244
3.665054  0.01121204
3.665235  0.01121279
3.666212  0.0112168
3.666728  0.01121892
3.670113  0.01123282
3.670769  0.01123552
3.671689  0.0112393
3.676002  0.01125702
3.677761  0.01126424
3.678397  0.01126685
3.678476  0.01126718
3.680698  0.01127631
3.682252  0.01128269
3.682482  0.01128364
3.683156  0.0112864
3.683758  0.01128888
3.684492  0.01129189
3.686641  0.01130072
3.68772  0.01130515
3.688682  0.01130911
3.688917  0.01131007
3.690538  0.01131673
3.691405  0.01132029
3.693875  0.01133044
3.69448  0.01133292
3.694522  0.0113331
3.695891  0.01133872
3.697336  0.01134466
3.697981  0.0113473
3.698993  0.01135146
3.699497  0.01135354
3.703417  0.01136964
3.703813  0.01137127
3.706919  0.01138402
3.708069  0.01138875
3.708961  0.01139241
3.710974  0.01140068
3.712494  0.01140693
3.712518  0.01140702
3.712722  0.01140786
3.714776  0.0114163
3.715538  0.01141943
3.716094  0.01142171
3.716579  0.01142371
3.716964  0.01142529
3.718193  0.01143034
3.719929  0.01143747
3.720526  0.01143992
3.720761  0.01144088
3.721095  0.01144226
3.72271  0.01144889
3.723699  0.01145296
3.723981  0.01145412
3.724168  0.01145488
3.724622  0.01145675
3.729828  0.01147813
3.732002  0.01148707
3.732237  0.01148803
3.734711  0.01149819
3.736209  0.01150434
3.737413  0.01150929
3.739035  0.01151595
3.740679  0.01152271
3.741315  0.01152532
3.742703  0.01153102
3.742742  0.01153119
3.745529  0.01154263
3.745881  0.01154408
3.746155  0.0115452
3.746232  0.01154552
3.747292  0.01154988
3.747349  0.01155011
3.748426  0.01155454
3.74941  0.01155858
3.750542  0.01156371
3.751701  0.01156949
3.752113  0.01157155
3.752313  0.01157255
3.752913  0.01157554
3.752922  0.01157559
3.753517  0.01157856
3.753802  0.01157998
3.75493  0.01158561
3.755238  0.01158715
3.756645  0.01159417
3.757804  0.01159996
3.758771  0.01160479
3.759359  0.01160772
3.759771  0.01160978
3.759882  0.01161033
3.76048  0.01161332
3.760874  0.01161529
3.760882  0.01161532
3.761699  0.0116194
3.762909  0.01162544
3.763421  0.011628
3.763589  0.01162884
3.76387  0.01163024
3.764317  0.01163247
3.764924  0.0116355
3.765588  0.01163882
3.76782  0.01164996
3.769305  0.01165737
3.769566  0.01165867
3.77002  0.01166094
3.77046  0.01166314
3.772483  0.01167324
3.774395  0.01168278
3.774587  0.01168374
3.776132  0.01169145
3.777187  0.01169672
3.777434  0.01169795
3.778141  0.01170148
3.77869  0.01170422
3.77935  0.01170751
3.782045  0.01172097
3.784208  0.01173177
3.784556  0.0117335
3.784841  0.01173493
3.786814  0.01174477
3.786897  0.01174519
3.789595  0.01175866
3.793876  0.01178003
3.795217  0.01178672
3.797825  0.01179974
3.800443  0.01181281
3.805723  0.01183917
3.805836  0.01183974
3.809087  0.01185596
3.810011  0.01186058
3.810707  0.01186405
3.810811  0.01186457
3.810919  0.01186511
3.81117  0.01186636
3.814356  0.01188226
3.81509  0.01188593
3.816046  0.0118907
3.816444  0.01189269
3.817616  0.01189854
3.818207  0.01190149
3.819336  0.01190712
3.819982  0.01191035
3.823507  0.01192795
3.829681  0.01195877
3.830189  0.0119613
3.830415  0.01196243
3.833889  0.01197977
3.835547  0.01198805
3.837507  0.01199783
3.842082  0.01202068
3.843359  0.01202705
3.843432  0.01202741
3.843508  0.01202779
3.845775  0.01203911
3.849446  0.01205743
3.849451  0.01205746
3.849583  0.01205812
3.851375  0.01206707
3.852648  0.01207342
3.854065  0.01208049
3.855013  0.01208522
3.857031  0.0120953
3.857173  0.01209601
3.859576  0.01210801
3.860403  0.01211213
3.860997  0.0121151
3.863107  0.01212563
3.863338  0.01212678
3.863939  0.01212979
3.865384  0.012137
3.865471  0.01213743
3.866579  0.01214296
3.866888  0.01214451
3.869794  0.01215901
3.871194  0.012166
3.871223  0.01216615
3.871261  0.01216633
3.871875  0.0121694
3.871881  0.01216943
3.872957  0.0121748
3.873808  0.01217905
3.873838  0.0121792
3.874468  0.01218234
3.874778  0.01218389
3.876086  0.01219042
3.876119  0.01219058
3.876262  0.0121913
3.878854  0.01220424
3.879029  0.01220511
3.880496  0.01221243
3.881319  0.01221654
3.884588  0.01223286
3.887562  0.01224771
3.887983  0.01224981
3.888553  0.01225266
3.888572  0.01225275
3.889084  0.01225531
3.889704  0.0122584
3.891539  0.01226756
3.892981  0.01227476
3.89475  0.01228359
3.894964  0.01228466
3.895336  0.01228652
3.896299  0.01229133
3.896395  0.0122918
3.896615  0.0122929
3.89679  0.01229378
3.897489  0.01229727
3.899957  0.01230958
3.900104  0.01231032
3.904118  0.01233036
3.90509  0.01233521
3.905191  0.01233571
3.905552  0.01233752
3.908329  0.01235138
3.909363  0.01235654
3.910451  0.01236197
3.911937  0.01236939
3.911959  0.0123695
3.913065  0.01237502
3.914609  0.01238273
3.917175  0.01239554
3.917371  0.01239652
3.91805  0.01239991
3.918064  0.01239997
3.919979  0.01240953
3.922394  0.01242159
3.923264  0.01242593
3.923311  0.01242617
3.924123  0.01243022
3.924137  0.01243029
3.925115  0.01243517
3.925344  0.01243632
3.92564  0.01243779
3.932097  0.01247003
3.932873  0.0124739
3.932991  0.01247449
3.933471  0.01247689
3.933742  0.01247824
3.934445  0.01248175
3.936146  0.01249024
3.937482  0.01249691
3.941281  0.01251587
3.943629  0.01252759
3.944088  0.01252989
3.945013  0.0125345
3.950126  0.01256003
3.950171  0.01256025
3.950711  0.01256295
3.952482  0.01257179
3.953544  0.01257709
3.953559  0.01257717
3.955975  0.01258923
3.958623  0.01260245
3.958823  0.01260344
3.962328  0.01262094
3.964501  0.01263179
3.966952  0.01264402
3.969185  0.01265517
3.972466  0.01267155
3.972466  0.01267155
3.973527  0.01267684
3.97354  0.01267691
3.973655  0.01267749
3.978208  0.01270022
3.981008  0.01271419
3.982724  0.01272276
3.984995  0.01273409
3.985442  0.01273633
3.985553  0.01273688
3.986596  0.01274209
3.986862  0.01274341
3.986989  0.01274405
3.987512  0.01274666
3.989004  0.01275411
3.989283  0.0127555
3.991983  0.01276898
3.994408  0.01278108