0.2092841  0.01114183
0.2106467  0.01098011
0.2137524  0.0106115
0.2146365  0.01050657
0.2146632  0.0105034
0.2211742  0.009730633
0.2304268  0.00867243
0.2309229  0.008635278
0.2323656  0.008555156
0.2332852  0.008517219
0.2337837  0.008496653
0.2345792  0.00846383
0.2369397  0.008366447
0.2381194  0.008317776
0.2387507  0.008291731
0.2414098  0.00818203
0.2428513  0.00812256
0.2440189  0.008074389
0.2448706  0.008039255
0.244926  0.008036968
0.2453816  0.008018174
0.2460721  0.007989685
0.2470665  0.00794866
0.2528207  0.007711265
0.2530596  0.007701407
0.2531685  0.007696916
0.2549879  0.007621855
0.2569056  0.00754274
0.2630064  0.007291047
0.2632163  0.007282385
0.2648623  0.007214482
0.266479  0.007147782
0.2666994  0.007138689
0.2690776  0.007040576
0.2701534  0.00699619
0.2713205  0.006948042
0.271788  0.006928755
0.2722316  0.006910451
0.2738047  0.006845553
0.2740116  0.006837017
0.2753859  0.006780321
0.2754854  0.006776215
0.276263  0.006744137
0.2783971  0.00665609
0.2789807  0.006632015
0.2800422  0.006588221
0.2849296  0.006386588
0.2859252  0.006345512
0.2873783  0.00628556
0.2878944  0.006264479
0.29097  0.006140378
0.2913726  0.006124454
0.2933946  0.006044481
0.2935694  0.006037567
0.2943949  0.006004919
0.2964018  0.005925547
0.2970399  0.005900308
0.2978025  0.005870145
0.2986945  0.005834865
0.3062886  0.005534509
0.3079266  0.005469725
0.3082114  0.00545846
0.3124791  0.00528967
0.3140804  0.005226338
0.3145806  0.005206554
0.3149256  0.005192908
0.3188534  0.005037561
0.3202487  0.004982375
0.3226898  0.004885827
0.3234794  0.0048546
0.3246292  0.004809123
0.3261981  0.004747072
0.3268911  0.004719663
0.3276139  0.004691074
0.3280968  0.004671974
0.3288562  0.004641941
0.3295293  0.004615319
0.3300704  0.004593919
0.3357921  0.00440554
0.3365224  0.004386021
0.3395362  0.004311508
0.3406576  0.004283781
0.3412745  0.004268531
0.3413242  0.0042673
0.3438392  0.004205121
0.3442353  0.004195328
0.3459571  0.004152757
0.3479376  0.004103793
0.353691  0.003961548
0.3555492  0.003915604
0.3576003  0.003864895
0.3607653  0.003786643
0.3619663  0.00375695
0.3628189  0.003735871
0.3649674  0.003682751
0.3656154  0.003666731
0.3668055  0.003637306
0.3683562  0.003598967
0.3686615  0.003591419
0.3743616  0.003450493
0.3756939  0.003417551
0.3765918  0.003395353
0.3774178  0.003374929
0.3776938  0.003368105
0.378685  0.003343599
0.3835566  0.003236144
0.3850865  0.003214827
0.3853471  0.003211195
0.3865223  0.003194822
0.389233  0.003157053
0.3926711  0.003109149
0.3974324  0.003042809
0.4005152  0.002999856
0.4019769  0.00297949
0.4028973  0.002966666
0.4040014  0.002951282
0.406265  0.002919742
0.4063098  0.002919118
0.4065641  0.002915575
0.407853  0.002897617
0.4086334  0.002886743
0.4092314  0.002878412
0.4162463  0.002780671
0.4192818  0.002738378
0.4198207  0.002730869
0.4202079  0.002725474
0.4247134  0.002662698
0.4251193  0.002657043
0.4252372  0.0026554
0.4279096  0.002618163
0.4283886  0.00261149
0.4288641  0.002604864
0.4293704  0.00259781
0.4314642  0.002568636
0.4325783  0.002553114
0.4340467  0.002532654
0.4372556  0.002487944
0.4373961  0.002485987
0.4426125  0.00241575
0.4436449  0.002403123
0.445885  0.002375725
0.4467851  0.002364716
0.447146  0.002360302
0.4479539  0.002350421
0.4489149  0.002338667
0.4498102  0.002327717
0.4544007  0.002271571
0.4556807  0.002255916
0.4575165  0.002233461
0.4580558  0.002226865
0.4587746  0.002218074
0.4593398  0.002211162
0.4623145  0.002174779
0.4657891  0.002132281
0.4690234  0.002092723
0.4715877  0.002061359
0.4721209  0.002054838
0.4787951  0.001973208
0.4792792  0.001967287
0.4814448  0.001940799
0.4819257  0.001934917
0.4852629  0.001895393
0.4858656  0.001889907
0.4860945  0.001887822
0.4866351  0.0018829
0.4878934  0.001871452
0.4916974  0.001838865
0.4927025  0.001830254
0.4934619  0.001823748
0.4937306  0.001821446
0.4937515  0.001821267
0.4941017  0.001818267
0.4966793  0.001796186
0.5033908  0.001738689
0.5045029  0.001729163
0.5045513  0.001728749
0.509943  0.001682559
0.5126268  0.001659568
0.518177  0.001612021
0.51997  0.00159666
0.5227247  0.001573061
0.5232913  0.001568208
0.5278458  0.00152919
0.5295194  0.001514853
0.5334691  0.001482049
0.5335995  0.001481027
0.534135  0.001476833
0.5354845  0.001468996
0.5366508  0.001464229
0.5379355  0.001458978
0.5401628  0.001449874
0.5427595  0.001439261
0.543844  0.001434828
0.5515783  0.001403216
0.5525621  0.001399195
0.5525683  0.001399169
0.5551565  0.001388591
0.5552804  0.001388084
0.5561991  0.001384329
0.5568813  0.001381541
0.5569914  0.001381091
0.5577215  0.001378107
0.5582767  0.001375837
0.5611413  0.001364129
0.5614181  0.001362998
0.5618331  0.001361301
0.5644959  0.001350418
0.5672835  0.001339024
0.5680859  0.001335744
0.5692699  0.001330905
0.5714229  0.001322105
0.5720759  0.001319437
0.5727217  0.001316797
0.5750327  0.001307351
0.5751436  0.001306898
0.5754334  0.001305713
0.5761309  0.001302862
0.5794721  0.001289205
0.5795317  0.001288962
0.5832826  0.001273631
0.5837311  0.001271798
0.5895354  0.001248074
0.5897418  0.00124723
0.5902042  0.00124534
0.5908506  0.001242698
0.5915654  0.001239777
0.5927728  0.001234841
0.596193  0.001220862
0.5966511  0.00121899
0.5974177  0.001215856
0.5974896  0.001215562
0.5986946  0.001210637
0.600634  0.00120271
0.6040358  0.001189163
0.6050352  0.001185401
0.605141  0.001185004
0.606774  0.001178859
0.6076742  0.001175471
0.6080118  0.001174201
0.6092794  0.001169431
0.6108957  0.00116335
0.6116706  0.001160435
0.6127407  0.001156408
0.6131014  0.001155051
0.6139219  0.001151963
0.6143112  0.001150499
0.6153292  0.001146668
0.6159305  0.001144406
0.6214609  0.001123596
0.6256323  0.001107901
0.6271158  0.001102319
0.6280002  0.001098991
0.6281495  0.00109843
0.6310722  0.001087432
0.6345481  0.001074354
0.6358244  0.001069551
0.6361239  0.001068425
0.6369334  0.001065378
0.639207  0.001056824
0.6406155  0.001051524
0.6419191  0.001046619
0.6436112  0.001040252
0.6446813  0.001036225
0.6494113  0.001018428
0.6523577  0.001007341
0.6575811  0.0009876875
0.6577475  0.0009870617
0.6581401  0.0009855843
0.6601558  0.0009779998
0.6610131  0.0009747742
0.6611417  0.0009742903
0.6653943  0.0009583973
0.667922  0.0009500251
0.6690756  0.0009468306
0.6694828  0.0009457029
0.671172  0.0009410251
0.676933  0.0009250714
0.6837275  0.0009062562
0.6841515  0.000905082
0.6845343  0.0009040219
0.6897615  0.0008895465
0.6903233  0.0008879909
0.6946089  0.0008761227
0.6946742  0.0008759419
0.698561  0.0008651786
0.7010003  0.0008584238
0.7022617  0.0008549306
0.7030748  0.0008526788
0.7050745  0.0008471413
0.7056765  0.0008454742
0.7081219  0.0008387025
0.7085879  0.000837412
0.7088851  0.0008365889
0.7112113  0.000830147
0.7137777  0.0008230402
0.7139946  0.0008224394
0.7142666  0.0008216861
0.7152116  0.0008190692
0.716198  0.0008163379
0.7183223  0.0008104551
0.7184903  0.0008099899
0.7195813  0.0008069688
0.7196955  0.0008066524
0.7235497  0.0007959793
0.7239202  0.0007949533
0.7250159  0.000791919
0.7285238  0.0007822048
0.7285945  0.0007820091
0.7286842  0.0007817608
0.7302385  0.0007774564
0.7349106  0.0007645184
0.7373981  0.00075763
0.7377563  0.0007566379
0.7404312  0.0007492304
0.743588  0.0007404886
0.7483438  0.0007273189
0.7510982  0.00072111
0.7518199  0.0007196807
0.7550972  0.0007135611
0.7554124  0.000712994
0.756207  0.0007115642
0.7569474  0.0007102321
0.7628779  0.0006995614
0.767108  0.0006919503
0.7673966  0.0006914311
0.7691929  0.000688199
0.7692509  0.0006880946
0.7703858  0.0006860527
0.7714647  0.0006841115
0.7720219  0.0006831089
0.773226  0.0006809425
0.7746498  0.0006783805
0.7775991  0.000673074
0.77945  0.0006697437
0.7824495  0.0006643466
0.7830449  0.0006632754
0.7885763  0.000653323
0.7927955  0.0006457316
0.795447  0.0006409606
0.7966258  0.0006388396
0.7968588  0.0006384204
0.798366  0.0006357086
0.7993151  0.0006340008
0.8036211  0.0006262532
0.8041499  0.0006253019
0.8049826  0.0006238036
0.8061573  0.00062169
0.8074614  0.0006193435
0.8081084  0.0006181795
0.808555  0.0006173759
0.8093868  0.0006159844
0.8126742  0.000610677
0.8128212  0.0006104396
0.8131043  0.0006099827
0.820133  0.0005986371
0.8210322  0.0005971856
0.82341  0.0005933474
0.8258785  0.000589363
0.8261995  0.0005888448
0.8284098  0.0005852768
0.8292729  0.0005838837
0.8303767  0.0005821019
0.8312546  0.0005806848
0.8341412  0.0005760253
0.835781  0.0005733784
0.8364072  0.0005723676
0.8392903  0.0005677138
0.8402554  0.000566156
0.8433764  0.0005611181
0.8441476  0.0005598733
0.8465273  0.000556032
0.8473775  0.0005546597
0.8544094  0.0005433089
0.8544278  0.0005432791
0.8572268  0.000538761
0.8573788  0.0005385155
0.858436  0.0005368091
0.8589809  0.0005359295
0.860931  0.0005327817
0.8615439  0.0005317925
0.8635637  0.0005285321
0.8636117  0.0005284546
0.8662402  0.0005242118
0.8671091  0.0005228093
0.8683398  0.0005208227
0.8686534  0.0005203165
0.8692757  0.000519312
0.8717576  0.0005153057
0.8719406  0.0005150103
0.8742595  0.0005112671
0.8758515  0.0005086974
0.8777738  0.0005057796
0.8843314  0.0004989552
0.8869073  0.0004962744
0.8874226  0.0004957381
0.8895899  0.0004934826
0.8963898  0.0004864059
0.8974806  0.0004852706
0.897857  0.000484879
0.9041658  0.0004783134
0.9081056  0.0004742133
0.9087486  0.000473544
0.9123195  0.0004698278
0.9128827  0.0004692417
0.9138377  0.0004682478
0.9140194  0.0004680588
0.9182246  0.0004636824
0.9215354  0.0004602368
0.9219527  0.0004598025
0.9296348  0.0004518077
0.930634  0.0004507679
0.9308948  0.0004504964
0.9313577  0.0004500147
0.9319701  0.0004493774
0.9341993  0.0004470574
0.9393681  0.0004416783
0.9437594  0.0004371082
0.9470484  0.0004336854
0.9489343  0.0004317226
0.9492971  0.0004313451
0.9497993  0.0004308225
0.9532065  0.0004272766
0.953285  0.0004271949
0.9555881  0.0004247981
0.9570784  0.0004232471
0.9576657  0.000422636
0.9586801  0.0004215803
0.9593272  0.0004209068
0.9617719  0.0004183626
0.962756  0.0004173385
0.9697245  0.0004100863
0.970469  0.0004093115
0.971356  0.0004083884
0.9715799  0.0004081554
0.9718735  0.0004078498
0.9730256  0.0004066508
0.9733307  0.0004063333
0.9745363  0.0004050786
0.9765077  0.0004030271
0.9801129  0.0003992751
0.9807794  0.0003985814
0.9818222  0.0003974962
0.9836808  0.0003955658
0.9846511  0.0003946512
0.985103  0.0003942253
0.9893359  0.00039062
0.9900301  0.0003900595
0.9903708  0.0003897845
0.9908155  0.0003894255
0.9919075  0.000388544
0.9956027  0.0003855608
0.9958055  0.0003853971
0.9967215  0.0003846576
1.001769  0.0003805827
1.003547  0.000379147
1.005219  0.0003777974
1.011313  0.0003728775
1.015482  0.0003695122
1.018363  0.0003671866
1.020255  0.0003656586
1.023222  0.0003632637
1.024545  0.0003621954
1.026546  0.0003605801
1.026576  0.000360556
1.027007  0.0003602079
1.027274  0.0003599923
1.029181  0.0003584523
1.029458  0.000358229
1.037574  0.0003516774
1.038272  0.0003511142
1.038898  0.0003506083
1.039762  0.0003499107
1.040276  0.0003494962
1.041421  0.0003485716
1.042905  0.0003473738
1.043188  0.0003471451
1.043641  0.0003467801
1.04439  0.0003461753
1.045946  0.0003449182
1.046303  0.0003446306
1.04672  0.0003442942
1.049693  0.0003418934
1.053431  0.0003388758
1.05977  0.0003337584
1.064778  0.0003297154
1.065083  0.0003294692
1.065666  0.0003289984
1.070851  0.0003248131
1.07183  0.0003240223
1.072621  0.0003233838
1.072939  0.0003231266
1.073954  0.0003223076
1.077421  0.0003195083
1.079596  0.0003177528
1.079782  0.0003176025
1.079877  0.0003175257
1.079932  0.0003174814
1.082131  0.0003157066
1.084872  0.0003138138
1.085503  0.0003134354
1.08695  0.0003125688
1.087088  0.0003124862
1.087345  0.000312332
1.09046  0.0003104653
1.093728  0.0003085079
1.095938  0.0003071836
1.096293  0.0003069706
1.099912  0.0003048026
1.10034  0.0003045459
1.10049  0.0003044563
1.102301  0.0003033709
1.104284  0.0003021826
1.105295  0.0003015769
1.10771  0.0003001304
1.108614  0.0002995888
1.11195  0.0002975895
1.113429  0.0002967036
1.113563  0.0002966229
1.114157  0.0002962674
1.115988  0.00029517
1.116101  0.0002951026
1.117234  0.0002944235
1.118248  0.0002938161
1.118871  0.0002934425
1.119608  0.0002930016
1.122434  0.0002913081
1.125935  0.0002892105
1.125966  0.0002891918
1.127027  0.0002885561
1.129948  0.0002868061
1.132529  0.0002852598
1.132533  0.0002852575
1.132651  0.0002851866
1.133296  0.0002848001
1.133422  0.0002847243
1.134499  0.000284079
1.134777  0.0002839125
1.137109  0.0002825152
1.138418  0.0002817311
1.138651  0.0002815915
1.140002  0.0002807817
1.144285  0.000278216
1.144555  0.000278054
1.14776  0.0002761337
1.147849  0.0002760804
1.148238  0.0002758472
1.151706  0.0002737695
1.154427  0.0002721393
1.154985  0.0002718053
1.155617  0.0002714258
1.155819  0.0002713053
1.155963  0.0002712186
1.157495  0.0002703008
1.159031  0.0002693807
1.159527  0.0002690835
1.160624  0.0002684261
1.161988  0.0002676093
1.162007  0.0002675975
1.16542  0.0002655527
1.16706  0.0002645703
1.168424  0.0002637527
1.170215  0.0002626793
1.171331  0.0002620111
1.173274  0.000260847
1.176721  0.0002587816
1.177169  0.0002585132
1.185571  0.0002534792
1.188886  0.0002514934
1.189332  0.0002512258
1.191716  0.0002497975
1.195223  0.0002476961
1.196352  0.0002470195
1.203506  0.0002427334
1.20576  0.0002413824
1.207104  0.0002405775
1.207391  0.0002404056
1.207686  0.0002402283
1.208457  0.0002397668
1.208818  0.0002395502
1.209001  0.0002394406
1.210472  0.0002385595
1.211059  0.000238208
1.211548  0.0002379149
1.213292  0.0002368702
1.214079  0.000236404
1.214854  0.0002360218
1.217291  0.0002348197
1.221675  0.000233003
1.222103  0.0002328291
1.225389  0.0002314943
1.226275  0.0002311343
1.226782  0.0002309287
1.229562  0.0002297996
1.229943  0.0002296445
1.230176  0.0002295502
1.230308  0.0002294965
1.231161  0.00022915
1.236536  0.0002269668
1.239294  0.0002258465
1.243238  0.000224245
1.243265  0.0002242339
1.243519  0.0002241306
1.245458  0.0002233434
1.249483  0.0002217083
1.250396  0.0002213373
1.251676  0.0002208176
1.253817  0.0002199479
1.254421  0.0002197027
1.258232  0.0002181548
1.261758  0.0002167227
1.262466  0.0002164348
1.263949  0.000215833
1.267919  0.0002142204
1.269789  0.0002134605
1.270116  0.0002133278
1.277441  0.0002103529
1.280373  0.0002091617
1.281823  0.0002085729
1.283147  0.0002080355
1.283348  0.0002079538
1.28514  0.0002072258
1.28629  0.0002067587
1.286401  0.0002067137
1.29258  0.000204204
1.292902  0.0002040731
1.294373  0.0002034756
1.295023  0.0002032116
1.296706  0.0002025281
1.298255  0.0002018989
1.298524  0.0002017894
1.29889  0.0002016407
1.300548  0.0002009674
1.303757  0.0001996641
1.30392  0.0001995982
1.304116  0.0001995184
1.305869  0.0001988064
1.306525  0.00019854
1.306741  0.0001984521
1.307777  0.0001980315
1.309996  0.0001971302
1.313571  0.0001956783
1.314274  0.0001953925
1.323146  0.0001917893
1.323833  0.0001915104
1.32389  0.0001914871
1.327922  0.0001898494
1.328424  0.0001896453
1.329102  0.0001893702
1.331151  0.000188538
1.338132  0.0001857443
1.339305  0.0001853796
1.341358  0.0001848409
1.341529  0.0001847961
1.342128  0.000184639
1.344458  0.0001840273
1.346154  0.0001835822
1.346518  0.0001834866
1.347399  0.0001832553
1.34806  0.0001830818
1.349243  0.0001827715
1.352993  0.0001817873
1.354234  0.0001814615
1.355422  0.0001811498
1.356774  0.0001807949
1.35763  0.0001805703
1.357644  0.0001805664
1.362733  0.0001792307
1.362784  0.0001792174
1.365216  0.0001785793
1.369776  0.0001773823
1.371154  0.0001770206
1.374036  0.0001762641
1.374583  0.0001761207
1.376461  0.0001756277
1.377824  0.0001752701
1.379836  0.0001747421
1.381693  0.0001742546
1.387588  0.0001727072
1.387638  0.000172694
1.387971  0.0001726067
1.390426  0.0001719622
1.391643  0.0001716431
1.391692  0.0001716301
1.399239  0.0001696493
1.399358  0.000169618
1.400609  0.0001692896
1.405093  0.000168113
1.407575  0.0001674614
1.409584  0.0001669342
1.412566  0.0001661515
1.414715  0.0001655874
1.416249  0.0001651848
1.417648  0.0001648175
1.420536  0.0001640596
1.421076  0.0001639179
1.423209  0.000163358
1.427956  0.0001621121
1.430008  0.0001615734
1.430097  0.0001615503
1.430411  0.0001614676
1.431849  0.0001610903
1.433241  0.0001607249
1.433389  0.000160686
1.436379  0.0001599014
1.436482  0.0001598745
1.439969  0.0001589592
1.440139  0.0001589145
1.441538  0.0001585473
1.444274  0.000157829
1.445363  0.0001575435
1.447377  0.0001570146
1.447794  0.0001569053
1.450371  0.0001562292
1.450404  0.0001562204
1.45301  0.0001555363
1.453982  0.0001552811
1.455347  0.0001549231
1.459162  0.0001539217
1.460014  0.0001536981
1.460176  0.0001536557
1.463834  0.0001526954
1.465182  0.0001523417
1.467092  0.0001518405
1.467433  0.0001517508
1.468702  0.0001514177
1.470477  0.0001509519
1.472336  0.0001504638
1.472869  0.0001503238
1.473604  0.0001501309
1.474486  0.0001498994
1.475436  0.0001496503
1.476164  0.0001494591
1.476228  0.0001494423
1.481324  0.0001481051
1.48163  0.0001480249
1.486392  0.0001467748
1.488355  0.0001462596
1.488379  0.0001462533
1.490608  0.0001456681
1.492257  0.0001452354
1.493816  0.0001448263
1.500852  0.0001436174
1.501399  0.0001435343
1.504923  0.000143
1.506236  0.0001428009
1.507791  0.0001425652
1.50786  0.0001425548
1.51029  0.0001421862
1.510894  0.0001420947
1.511226  0.0001420443
1.511667  0.0001419774
1.51227  0.000141886
1.513298  0.0001417302
1.516831  0.0001411947
1.517155  0.0001411455
1.517812  0.0001410458
1.526027  0.0001398002
1.527934  0.0001395111
1.528308  0.0001394544
1.530314  0.0001391502
1.531816  0.0001389225
1.534575  0.0001385041
1.53625  0.0001382501
1.537511  0.0001380589
1.538085  0.0001379719
1.539427  0.0001377684
1.540604  0.0001375899
1.542748  0.0001372648
1.545237  0.0001368874
1.547568  0.000136534
1.547763  0.0001365044
1.548518  0.00013639
1.549474  0.0001362451
1.552164  0.0001358372
1.552847  0.0001357338
1.56494  0.0001339001
1.566493  0.0001336646
1.568218  0.0001334031
1.568725  0.0001333262
1.569067  0.0001332743
1.573011  0.0001326763
1.575301  0.0001323292
1.577041  0.0001320653
1.577271  0.0001320305
1.578592  0.0001318302
1.578963  0.0001317738
1.58114  0.0001314438
1.581337  0.0001314139
1.582807  0.0001311911
1.583045  0.000131155
1.583267  0.0001311213
1.584343  0.0001309582
1.585498  0.000130783
1.586126  0.0001306877
1.586654  0.0001306077
1.587903  0.0001304184
1.588462  0.0001303335
1.591732  0.0001298377
1.595507  0.0001292654
1.598783  0.0001287687
1.604738  0.0001278657
1.605153  0.0001278028
1.608209  0.0001273394
1.608965  0.0001272248
1.60907  0.000127209
1.610218  0.000127035
1.611887  0.0001267818
1.615345  0.0001262575
1.61584  0.0001261825
1.618583  0.0001257664
1.624584  0.0001248566
1.626492  0.0001245674
1.627094  0.0001244761
1.627975  0.0001243425
1.628075  0.0001243274
1.628894  0.0001242032
1.629335  0.0001241363
1.629739  0.0001240751
1.630357  0.0001239814
1.635523  0.0001231981
1.638235  0.0001227868
1.642486  0.0001221423
1.643585  0.0001219756
1.64519  0.0001217323
1.646859  0.0001214793
1.647316  0.0001214099
1.64734  0.0001214063
1.647693  0.0001213528
1.648642  0.0001212088
1.6528  0.0001205786
1.654091  0.0001203827
1.655926  0.0001201045
1.657519  0.0001198629
1.658535  0.0001197088
1.661181  0.0001193077
1.664344  0.0001188281
1.66486  0.0001187499
1.665517  0.0001186503
1.666614  0.0001184839
1.668575  0.0001181865
1.669707  0.0001180149
1.671011  0.0001178172
1.672088  0.0001176539
1.673133  0.0001174954
1.673638  0.0001174189
1.675971  0.0001170651
1.67602  0.0001170577
1.676065  0.0001170508
1.678341  0.0001167034
1.680471  0.0001163778
1.680769  0.0001163322
1.680801  0.0001163274
1.681476  0.0001162241
1.682081  0.0001161316
1.682283  0.0001161008
1.684393  0.0001157782
1.686048  0.0001155251
1.686166  0.0001155071
1.689717  0.000114964
1.690736  0.0001148083
1.691757  0.0001146522
1.692596  0.000114524
1.694525  0.000114229
1.695861  0.0001140247
1.697934  0.0001137078
1.70183  0.0001131121
1.705604  0.0001125351
1.707642  0.0001122234
1.709495  0.0001119401
1.709563  0.0001119296
1.7121  0.0001115418
1.714131  0.0001112312
1.714158  0.0001112271
1.716425  0.0001108805
1.719719  0.0001103769
1.72097  0.0001101856
1.724247  0.0001096846
1.725601  0.0001094776
1.726081  0.0001094041
1.726222  0.0001093826
1.728816  0.0001089859
1.730173  0.0001087784
1.731521  0.0001085723
1.733559  0.0001082608
1.733973  0.0001081975
1.734314  0.0001081454
1.734438  0.0001081264
1.737902  0.0001075967
1.741546  0.0001070396
1.742723  0.0001068596
1.743134  0.0001067968
1.744563  0.0001065784
1.74617  0.0001063326
1.746644  0.0001062602
1.74873  0.0001059412
1.751901  0.0001054564
1.751971  0.0001054457
1.754266  0.0001050947
1.75478  0.0001050161
1.758124  0.0001045048
1.761919  0.0001039247
1.763244  0.000103722
1.763442  0.0001036918
1.765445  0.0001033855
1.766704  0.0001031929
1.77122  0.0001025025
1.772438  0.0001023163
1.772621  0.0001022883
1.780516  0.0001010811
1.781246  0.0001009695
1.781294  0.0001009621
1.782246  0.0001008167
1.785787  0.0001002752
1.786364  0.0001001871
1.790503  0.00009955418
1.790632  0.00009953442
1.791591  0.00009938777
1.791846  0.00009934884
1.793289  0.00009912827
1.794101  0.00009900405
1.794759  0.0000989035
1.801126  0.00009792992
1.801881  0.00009781453
1.803307  0.00009759653
1.804779  0.00009737135
1.80513  0.00009731776
1.807173  0.0000970054
1.809386  0.00009666697
1.80973  0.00009661437
1.815775  0.00009569016
1.816774  0.0000955373
1.818017  0.00009534736
1.81852  0.00009527046
1.819049  0.0000951895
1.819765  0.00009508002
1.824643  0.00009433432
1.827941  0.00009383005
1.828834  0.00009369347
1.829103  0.00009365227
1.829434  0.00009360173
1.831632  0.00009326558
1.834868  0.00009277086
1.835066  0.00009274049
1.835957  0.00009261334
1.83731  0.00009244342
1.837364  0.00009243666
1.837817  0.00009237976
1.839612  0.0000921543
1.839814  0.00009212894
1.83994  0.00009211312
1.840503  0.00009206488
1.842471  0.00009189893
1.842571  0.00009189052
1.847354  0.00009148737
1.849882  0.00009127425
1.850494  0.00009122263
1.850872  0.00009119076
1.851151  0.00009116721
1.851554  0.0000911333
1.85215  0.00009108301
1.852216  0.0000910775
1.852674  0.00009103883
1.855688  0.00009078477
1.86373  0.00009010685
1.870728  0.00008951691
1.871114  0.00008948439
1.872181  0.00008939449
1.87309  0.00008931785
1.878384  0.00008887157
1.88137  0.00008861987
1.884013  0.00008839707
1.884141  0.00008838633
1.885665  0.00008825783
1.88587  0.00008824055
1.887596  0.00008809501
1.888828  0.00008799122
1.892021  0.00008772204
1.892065  0.00008771833
1.893274  0.00008761639
1.893338  0.00008761092
1.894129  0.0000875443
1.895799  0.00008740353
1.89709  0.00008729467
1.899549  0.00008708744
1.899751  0.00008707039
1.899931  0.00008705524
1.900067  0.0000870437
1.900708  0.00008698968
1.902362  0.0000868503
1.906674  0.00008648684
1.906867  0.00008647054
1.908477  0.00008633482
1.911789  0.00008605561
1.914759  0.00008580526
1.915859  0.00008571254
1.917876  0.00008554248
1.92004  0.00008536007
1.925132  0.00008493082
1.928118  0.00008467906
1.929723  0.00008454384
1.929974  0.00008452264
1.934022  0.00008418145
1.936293  0.00008399005
1.93863  0.00008379301
1.940263  0.00008365539
1.940404  0.00008364347
1.943293  0.00008339994
1.943514  0.00008338133
1.94419  0.00008332429
1.94707  0.00008308153
1.948995  0.00008291923
1.951028  0.00008274783
1.951845  0.00008267899
1.95255  0.00008261953
1.952952  0.00008258566
1.95339  0.00008254869
1.953396  0.00008254826
1.954503  0.00008245496
1.955067  0.00008240739
1.956064  0.00008232338
1.957062  0.00008223922
1.962109  0.000081816
1.962835  0.00008175566
1.963724  0.0000816817
1.964674  0.00008160292
1.964988  0.00008157688
1.966597  0.00008144352
1.967343  0.00008138166
1.969086  0.00008123717
1.969146  0.00008123215
1.969295  0.00008121985
1.969412  0.00008121011
1.969754  0.00008118175
1.972061  0.00008099039
1.974954  0.00008075052
1.975077  0.00008074032
1.978332  0.00008047046
1.979043  0.00008041157
1.979785  0.00008035006
1.987776  0.00007968747
1.988642  0.00007961567
1.989761  0.00007952286
1.991086  0.00007941299
1.991327  0.00007939301
1.992586  0.00007928867
1.993068  0.00007924875
1.993566  0.00007920739
1.993857  0.00007918328
1.997381  0.00007889107
1.99803  0.00007883727
1.998064  0.00007883448
1.999917  0.00007868086
2.000842  0.00007860419
2.004411  0.00007830824
2.004582  0.00007829406
2.00468  0.00007828596
2.005618  0.00007820811
2.005847  0.00007818915
2.007619  0.00007804227
2.008386  0.00007797864
2.01046  0.00007780664
2.014227  0.00007749436
2.014536  0.00007746873
2.01462  0.00007746181
2.017023  0.00007726256
2.022509  0.00007680766
2.024358  0.00007665435
2.026614  0.00007646728
2.02782  0.00007636734
2.03045  0.00007614932
2.03396  0.00007585826
2.033994  0.00007585547
2.037341  0.00007557791
2.040953  0.00007527841
2.041066  0.00007526906
2.041257  0.00007525324
2.041459  0.00007523652
2.043574  0.00007506111
2.043688  0.00007505163
2.043853  0.00007503797
2.044366  0.00007499544
2.044613  0.00007497495
2.044993  0.00007494344
2.046804  0.00007479334
2.047836  0.00007470774
2.049175  0.0000745967
2.050133  0.00007451733
2.051182  0.00007443031
2.055494  0.00007407285
2.057958  0.00007386853
2.058604  0.00007381494
2.060159  0.00007368605
2.060427  0.00007366379
2.062765  0.00007346996
2.065806  0.00007321787
2.067663  0.00007306389
2.068996  0.00007295331
2.069186  0.00007293754
2.070758  0.00007280723
2.071823  0.00007271891
2.073686  0.00007256449
2.075262  0.00007243377
2.077387  0.00007225757
2.080508  0.00007199883
2.080964  0.00007196095
2.081088  0.00007195071
2.083112  0.00007178292
2.083987  0.0000717104
2.088154  0.00007136491
2.088624  0.00007132595
2.090082  0.00007120498
2.090289  0.00007118787
2.091217  0.00007111086
2.09385  0.00007089264
2.096322  0.00007068762
2.097187  0.00007061592
2.103587  0.00007008529
2.103791  0.00007006834
2.105913  0.0000698924
2.106489  0.00006984471
2.107607  0.00006975196
2.108038  0.00006971624
2.109558  0.00006959026
2.111077  0.00006946427
2.112245  0.00006936741
2.113734  0.00006924399
2.114328  0.00006919479
2.115274  0.00006911625
2.11729  0.00006894914
2.11982  0.00006873938
2.120023  0.00006872255
2.121488  0.00006860106
2.121908  0.00006856619
2.123501  0.00006843414
2.124412  0.00006835861
2.125815  0.00006824228
2.128368  0.00006806311
2.1289  0.00006803743
2.131713  0.00006790211
2.132992  0.00006784072
2.138262  0.00006758777
2.145628  0.00006723425
2.146392  0.00006719754
2.147231  0.00006715727
2.147672  0.00006713609
2.147909  0.00006712474
2.151315  0.00006696127
2.152724  0.00006689366
2.153171  0.00006687217
2.158024  0.00006663924
2.162991  0.00006640085
2.165791  0.00006626645
2.171322  0.000066001
2.17174  0.00006598093
2.171982  0.0000659693
2.172042  0.00006596645
2.173971  0.00006587386
2.175408  0.00006580491
2.177838  0.00006568828
2.183223  0.00006542979
2.184436  0.00006537156
2.186044  0.00006529438
2.188329  0.00006518468
2.188624  0.00006517055
2.190606  0.00006507543
2.190691  0.00006507133
2.205008  0.00006438417
2.206024  0.00006433542
2.206374  0.00006431863
2.211743  0.00006406091
2.217229  0.00006379758
2.218936  0.00006371568
2.219246  0.0000637008
2.219358  0.0000636954
2.224916  0.00006342864
2.226136  0.00006337009
2.226931  0.00006333193
2.228543  0.00006325458
2.229073  0.00006322916
2.230599  0.00006315587
2.233831  0.00006300078
2.23694  0.0000628515
2.239124  0.0000627467
2.239734  0.00006271742
2.24014  0.00006269795
2.245231  0.00006245362
2.247637  0.00006233812
2.247758  0.00006233232
2.25223  0.00006211767
2.252499  0.00006210475
2.256553  0.00006191019
2.256975  0.00006188996
2.25799  0.00006184124
2.261656  0.00006166525
2.263377  0.00006158267
2.264657  0.00006152124
2.265149  0.00006149761
2.265261  0.00006149222
2.267325  0.00006139316
2.267857  0.00006136765
2.270253  0.00006124656
2.271286  0.00006118796
2.276867  0.00006086988
2.278188  0.00006079462
2.278728  0.00006076381
2.280632  0.00006065528
2.280696  0.00006065163
2.283584  0.00006048703
2.287495  0.00006026415
2.287806  0.00006024644
2.288879  0.00006018529
2.292013  0.00006000666
2.296068  0.00005977555
2.296725  0.00005973808
2.29708  0.00005971787
2.300425  0.00005952721
2.304531  0.00005929323
2.306423  0.00005918537
2.308056  0.00005909233
2.30945  0.00005901288
2.312564  0.0000588354
2.318389  0.00005850341
2.320954  0.00005835723
2.322181  0.00005828729
2.324244  0.00005816971
2.326264  0.00005805457
2.327798  0.00005796717
2.331766  0.00005774105
2.335582  0.00005752352
2.33645  0.00005747405
2.339813  0.00005728238
2.34245  0.00005713208
2.342904  0.00005710624
2.344301  0.00005702659
2.345283  0.00005697062
2.34572  0.0000569457
2.349698  0.00005671902
2.352282  0.00005657176
2.357288  0.00005628639
2.359063  0.00005618525
2.365548  0.00005581567
2.369774  0.00005557479
2.371132  0.00005549741
2.374685  0.00005529489
2.376727  0.00005517854
2.379533  0.00005501857
2.37983  0.00005500165
2.379836  0.00005500131
2.380773  0.00005494794
2.381489  0.00005490711
2.383793  0.00005477582
2.389286  0.00005446275
2.390006  0.00005442173
2.392556  0.00005427636
2.394932  0.00005414097
2.395477  0.00005410992
2.395743  0.00005409477
2.396208  0.00005406825
2.397445  0.00005399774
2.400055  0.00005384897
2.402022  0.00005373684
2.405364  0.00005354641
2.40833  0.00005337738
2.409124  0.0000533321
2.410679  0.00005324349
2.413651  0.00005307411
2.414096  0.00005304874
2.419844  0.00005272116
2.422902  0.00005254684
2.424859  0.00005243529
2.428125  0.00005224923
2.429925  0.0000521466
2.430681  0.00005210352
2.430693  0.00005210287
2.433917  0.00005191906
2.434558  0.00005188257
2.435063  0.00005185375
2.435683  0.00005181841
2.437067  0.00005173958
2.439469  0.00005160265
2.440138  0.0000515645
2.440797  0.00005152699
2.441089  0.00005151033
2.443135  0.00005139376
2.445072  0.00005128332
2.447458  0.00005115407
2.45007  0.00005101517
2.450421  0.00005099648
2.450866  0.00005097281
2.452066  0.00005091498
2.45298  0.00005088841
2.453222  0.00005088136
2.454275  0.00005085074
2.456049  0.00005079913
2.456612  0.00005078273
2.458113  0.00005073906
2.458604  0.00005072476
2.459835  0.00005068896
2.46062  0.00005066612
2.460622  0.00005066604
2.46117  0.00005065011
2.461956  0.00005062724
2.46268  0.00005060617
2.465229  0.00005053201
2.465327  0.00005052918
2.468167  0.00005044652
2.468463  0.00005043792
2.469452  0.00005040915
2.469666  0.00005040292
2.471139  0.00005036006
2.472431  0.0000503225
2.472767  0.00005031272
2.472831  0.00005031086
2.474699  0.00005025649
2.475943  0.00005022028
2.479239  0.00005012441
2.480121  0.00005009875
2.48384  0.00004999054
2.484535  0.00004997032
2.485543  0.00004994098
2.486146  0.00004992345
2.486402  0.000049916
2.488192  0.00004986393
2.490241  0.0000498043
2.490457  0.00004979803
2.490812  0.00004978769
2.491185  0.00004977682
2.492945  0.00004972562
2.494498  0.00004968044
2.494673  0.00004967537
2.49887  0.00004955325
2.499132  0.00004954563
2.499312  0.00004954038
2.502454  0.00004944898
2.50311  0.00004942988
2.50401  0.00004940369
2.506826  0.00004932175
2.509127  0.00004925482
2.50943  0.000049246
2.509754  0.00004923656
2.51083  0.00004920525
2.518665  0.00004897733
2.519285  0.00004895929
2.5213  0.00004890063
2.523215  0.00004884494
2.523339  0.00004884133
2.52428  0.00004881396
2.52689  0.00004873802
2.527797  0.00004871163
2.528141  0.00004870161
2.529172  0.00004867161
2.529926  0.0000486497
2.531642  0.00004859975
2.532215  0.00004858309
2.534123  0.00004852758
2.53549  0.00004848781
2.537565  0.00004842741
2.542053  0.00004829684
2.542752  0.0000482765
2.552292  0.00004799893
2.55752  0.00004784683
2.557874  0.00004783651
2.559314  0.00004779462
2.560154  0.0000477702
2.564426  0.0000476459
2.564554  0.00004764217
2.567744  0.00004754937
2.569618  0.00004749485
2.57203  0.00004742467
2.574118  0.00004736391
2.5756  0.0000473208
2.576518  0.00004729408
2.576651  0.00004729023
2.576692  0.00004728903
2.580075  0.00004719061
2.582  0.00004713459
2.582142  0.00004713046
2.582429  0.0000471221
2.582762  0.00004711242
2.58504  0.00004704613
2.59297  0.00004681543
2.593501  0.00004679996
2.594179  0.00004678023
2.594327  0.00004677593
2.595989  0.00004672759
2.596897  0.00004670115
2.596959  0.00004669937
2.597697  0.00004667789
2.597758  0.00004667612
2.598334  0.00004665936
2.598403  0.00004665737
2.598486  0.00004665494
2.59866  0.00004664988
2.600916  0.00004658424
2.60213  0.00004654889
2.603178  0.0000465184
2.604416  0.0000464824
2.605438  0.00004645268
2.607808  0.00004638372
2.608  0.00004637813
2.609929  0.000046322
2.610014  0.00004631953
2.610035  0.00004631891
2.61329  0.00004622421
2.613299  0.00004622395
2.614825  0.00004617954
2.61681  0.0000461218
2.617274  0.00004610828
2.617634  0.00004609781
2.619337  0.00004604829
2.620838  0.00004600461
2.62843  0.00004578375
2.630248  0.00004573085
2.630536  0.00004572245
2.63567  0.00004557307
2.636491  0.00004554921
2.637336  0.00004552462
2.637863  0.00004550929
2.637999  0.00004550532
2.641194  0.00004541236
2.64432  0.00004532141
2.645635  0.00004528314
2.645898  0.00004527578
2.647392  0.00004523772
2.648867  0.00004520046
2.649845  0.00004517814
2.65492  0.00004506234
2.655471  0.00004504978
2.656722  0.00004502122
2.660395  0.00004493742
2.6613  0.00004491674
2.662204  0.00004489612
2.663355  0.00004486988
2.663461  0.00004486745
2.664201  0.00004485057
2.667454  0.00004477635
2.668834  0.00004474486
2.669161  0.00004473738
2.669734  0.00004472431
2.671368  0.00004468702
2.675015  0.0000446038
2.678984  0.00004451323
2.679098  0.00004451065
2.679431  0.00004450305
2.682977  0.00004442213
2.683205  0.00004441693
2.688729  0.00004429088
2.693907  0.00004417272
2.694088  0.0000441686
2.696048  0.00004412386
2.696926  0.00004410383
2.69754  0.00004408982
2.699061  0.00004405512
2.699339  0.00004404878
2.701698  0.00004399495
2.702678  0.0000439726
2.703852  0.00004394582
2.70704  0.00004387305
2.70836  0.00004384294
2.710988  0.00004378298
2.711401  0.00004377356
2.71323  0.00004373182
2.713321  0.00004372974
2.715516  0.00004367966
2.715934  0.00004367012
2.71619  0.00004366427
2.716843  0.00004364938
2.717689  0.00004363008
2.718409  0.00004361364
2.720166  0.00004357354
2.721992  0.0000435319
2.728645  0.00004338008
2.729242  0.00004336646
2.731092  0.00004332424
2.733656  0.00004326574
2.733688  0.00004326501
2.735073  0.0000432334
2.737728  0.00004317282
2.739787  0.00004312584
2.740353  0.00004311292
2.741009  0.00004309795
2.743388  0.00004304367
2.743927  0.00004303137
2.747621  0.00004294708
2.749157  0.00004291202
2.749232  0.0000429103
2.749752  0.00004289843
2.755083  0.00004277681
2.755093  0.00004277659
2.757982  0.00004271067
2.761832  0.00004262282
2.765134  0.00004254745
2.767053  0.00004250367
2.768445  0.00004247191
2.770744  0.00004241947
2.771414  0.00004240416
2.771453  0.00004240328
2.77266  0.00004237574
2.773188  0.00004236368
2.775154  0.00004231881
2.777813  0.00004225815
2.78006  0.00004220688
2.781993  0.00004216276
2.782509  0.00004215099
2.782538  0.00004215034
2.782569  0.00004214962
2.783168  0.00004213597
2.784904  0.00004209634
2.785776  0.00004207645
2.787887  0.00004202826
2.788235  0.00004202032
2.789812  0.00004198434
2.792073  0.00004193277
2.793107  0.00004190916
2.794123  0.00004188599
2.795489  0.00004185482
2.79803  0.00004179683
2.802707  0.0000416901
2.803526  0.00004167141
2.804284  0.00004165413
2.804577  0.00004164745
2.804605  0.00004164679
2.806525  0.00004160299
2.807339  0.00004158441
2.807893  0.00004157178
2.808791  0.00004155129
2.810426  0.00004151397
2.812628  0.00004146372
2.813285  0.00004144874
2.814379  0.00004142376
2.815365  0.00004140128
2.815489  0.00004139844
2.818128  0.00004133822
2.819666  0.00004130313
2.820132  0.00004129251
2.820425  0.00004128581
2.821263  0.00004126669
2.821516  0.00004126091
2.822125  0.00004124703
2.823701  0.00004121107
2.825611  0.00004116746
2.825909  0.00004116067
2.827398  0.00004112669
2.829748  0.00004107307
2.831436  0.00004103456
2.832306  0.0000410147
2.83361  0.00004098496
2.833726  0.00004098231
2.838527  0.00004087276
2.839068  0.00004086044
2.841057  0.00004081503
2.841354  0.00004080825
2.844286  0.00004074136
2.846051  0.00004070108
2.846248  0.00004069659
2.848394  0.00004064762
2.84904  0.00004063286
2.849354  0.00004062572
2.849819  0.00004061509
2.854623  0.00004050548
2.854775  0.00004050201
2.864443  0.00004028141
2.86473  0.00004027485
2.867775  0.00004020537
2.870218  0.00004014963
2.871521  0.0000401199
2.874595  0.00004004976
2.879656  0.00003993427
2.879699  0.00003993329
2.880892  0.00003990606
2.886285  0.00003978299
2.886667  0.00003977428
2.887016  0.00003976634
2.889871  0.00003970333
2.893663  0.00003961986
2.894882  0.00003959388
2.896216  0.0000395669
2.897234  0.00003954629
2.897894  0.00003953294
2.898315  0.00003952441
2.899625  0.00003949789
2.902204  0.0000394457
2.903357  0.00003942236
2.904036  0.00003940863
2.904356  0.00003940215
2.905437  0.00003938028
2.906  0.00003936888
2.908171  0.00003932495
2.909573  0.00003929658
2.911736  0.0000392528
2.912747  0.00003923236
2.913571  0.00003921569
2.914608  0.00003919468
2.915449  0.00003917766
2.91957  0.00003909427
2.92295  0.00003902586
2.923432  0.00003901611
2.924213  0.00003900031
2.925347  0.00003897735
2.927326  0.00003893731
2.932277  0.00003883711
2.932712  0.00003882831
2.933652  0.0000388093
2.938738  0.00003870636
2.940259  0.00003867559
2.941221  0.00003865613
2.943168  0.00003861673
2.943612  0.00003860774
2.949677  0.00003848498
2.953569  0.00003840623
2.956752  0.0000383418
2.956993  0.00003833694
2.957142  0.00003833391
2.959012  0.00003829607
2.960751  0.00003826089
2.961573  0.00003824425
2.964047  0.00003819419
2.965931  0.00003815606
2.966581  0.00003814291
2.968382  0.00003810647
2.970248  0.00003806871
2.970688  0.00003805979
2.970935  0.00003805479
2.97425  0.00003798771
2.974408  0.00003798452
2.978016  0.00003791151
2.978415  0.00003790343
2.979462  0.00003788223
2.979747  0.00003787648
2.979843  0.00003787452
2.981403  0.00003784294
2.981682  0.00003783731
2.982662  0.00003781747
2.984357  0.00003778317
2.990875  0.00003765127
2.991752  0.00003763354
2.991982  0.00003762887
2.992277  0.00003762291
2.993852  0.00003759103
2.994204  0.0000375839
2.994855  0.00003757072
2.998455  0.00003749788
2.999093  0.00003748497
2.999237  0.00003748206
3.000717  0.00003745211
3.002207  0.00003742194
3.009332  0.00003727775
3.011279  0.00003723835
3.011824  0.00003722733
3.014118  0.0000371809
3.014653  0.00003717008
3.016037  0.00003714207
3.016393  0.00003713487
3.019362  0.00003707478
3.01979  0.00003706611
3.021996  0.00003702149
3.022314  0.00003701505
3.022493  0.00003701142
3.023451  0.00003699203
3.023657  0.00003698786
3.025317  0.00003695427
3.027253  0.00003691509
3.02842  0.00003689148
3.030684  0.00003684566
3.041597  0.00003662483
3.04685  0.0000365185
3.049  0.000036475
3.050517  0.00003644431
3.054223  0.00003636931
3.056162  0.00003633007
3.058756  0.00003627756
3.059097  0.00003627067
3.059176  0.00003626907
3.060134  0.00003624967
3.066688  0.00003611707
3.06807  0.00003608909
3.072145  0.00003600662
3.075005  0.00003594875
3.078674  0.0000358745
3.078995  0.000035868
3.079841  0.00003585087
3.081171  0.00003582396
3.083267  0.00003578155
3.086435  0.00003571742
3.088859  0.00003566837
3.089194  0.0000356616
3.094396  0.00003555633
3.0947  0.00003555018
3.098082  0.00003548173
3.099046  0.00003546223
3.102431  0.00003539371
3.10329  0.00003537634
3.107763  0.00003528583
3.110684  0.00003522672
3.11208  0.00003519846
3.117179  0.00003509526
3.117305  0.00003509271
3.119139  0.00003505559
3.119209  0.00003505418
3.119218  0.00003505401
3.121532  0.00003500719
3.12229  0.00003499183
3.12327  0.000034972
3.128007  0.00003487614
3.128394  0.00003486831
3.129295  0.00003485009
3.132097  0.00003479338
3.132488  0.00003478547
3.133675  0.00003476143
3.135263  0.00003472931
3.137588  0.00003468226
3.137702  0.00003467997
3.138509  0.00003466361
3.145405  0.00003452406
3.14645  0.00003450291
3.146631  0.00003449925
3.14733  0.00003448509
3.148482  0.00003446179
3.14874  0.00003445656
3.151359  0.00003440357
3.152903  0.00003437231
3.154173  0.00003434663
3.154317  0.00003434371
3.154837  0.00003433318
3.157912  0.00003427522
3.161881  0.00003420874
3.164348  0.00003416771
3.166771  0.00003412742
3.168233  0.0000341031
3.168519  0.00003409834
3.170131  0.00003407153
3.170724  0.00003406167
3.174128  0.00003400506
3.177359  0.00003395133
3.178964  0.00003392464
3.179421  0.00003391704
3.17971  0.00003391223
3.185263  0.00003381989
3.18609  0.00003380612
3.186845  0.00003379357
3.190073  0.0000337399
3.198333  0.00003360254
3.198352  0.00003360221
3.200036  0.0000335742
3.200054  0.00003357389
3.201791  0.00003354502
3.202149  0.00003353906
3.203144  0.00003352252
3.203753  0.00003351239
3.203997  0.00003350832
3.204849  0.00003349416
3.205809  0.0000334782
3.206201  0.00003347168
3.208338  0.00003343614
3.208961  0.00003342578
3.209328  0.00003341967
3.212704  0.00003336353
3.212732  0.00003336306
3.218423  0.00003326842
3.220916  0.00003322696
3.221006  0.00003322546
3.221506  0.00003321715
3.222848  0.00003319484
3.231802  0.00003304592
3.232037  0.00003304201
3.234761  0.00003299671
3.236156  0.00003297351
3.238238  0.00003293889
3.243425  0.00003285263
3.244129  0.00003284091
3.244252  0.00003283887
3.24468  0.00003283175
3.245139  0.00003282411
3.245465  0.0000328187
3.247005  0.00003279308
3.247331  0.00003278767
3.247555  0.00003278394
3.249146  0.00003275748
3.252431  0.00003270285
3.253397  0.00003268678
3.256456  0.00003263592
3.257606  0.00003261679
3.261001  0.00003256033
3.265842  0.00003247982
3.265906  0.00003247875
3.266032  0.00003247666
3.267104  0.00003245884
3.267702  0.00003244889
3.268008  0.00003244379
3.269784  0.00003241426
3.270026  0.00003241024
3.271577  0.00003238444
3.272556  0.00003236817
3.273755  0.00003234822
3.277775  0.00003228136
3.282108  0.00003220931
3.284683  0.00003216649
3.286277  0.00003213998
3.287453  0.00003212041
3.291477  0.00003205349
3.295394  0.00003198836
3.29779  0.00003194851
3.303128  0.00003185973
3.306669  0.00003180084
3.306741  0.00003179965
3.311059  0.00003172785
3.311701  0.00003171717
3.311781  0.00003171584
3.313273  0.00003169101
3.314474  0.00003167105
3.315653  0.00003165145
3.323024  0.00003152886
3.324526  0.00003150387
3.324781  0.00003149963
3.326029  0.00003147888
3.327123  0.00003146069
3.328392  0.00003143959
3.330123  0.00003141081
3.332519  0.00003137096
3.334267  0.00003134188
3.336328  0.0000313076
3.338228  0.00003127601
3.339321  0.00003125783
3.339647  0.00003125241
3.342549  0.00003120415
3.344083  0.00003117863
3.34515  0.00003116089
3.347663  0.0000311191
3.34779  0.000031117
3.347977  0.00003111388
3.352692  0.00003103548
3.353423  0.00003102332
3.354844  0.00003099969
3.355938  0.00003098149
3.356491  0.00003097229
3.356701  0.0000309688
3.356904  0.00003096541
3.360749  0.00003090147
3.362147  0.00003087823
3.362906  0.0000308656
3.367822  0.00003078386
3.369469  0.00003075646
3.370756  0.00003073505
3.373944  0.00003068204
3.378693  0.00003060305
3.380003  0.00003058128
3.380406  0.00003057458
3.382662  0.00003053705
3.385249  0.00003049404
3.385303  0.00003049313
3.386018  0.00003048125
3.389752  0.00003041914
3.392653  0.00003037089
3.395147  0.00003032941
3.398093  0.00003028042
3.398293  0.00003027709
3.401025  0.00003023167
3.404675  0.00003017095
3.405349  0.00003015976
3.405447  0.00003015812
3.410301  0.00003010168
3.412812  0.0000300772
3.41545  0.00003005148
3.417756  0.00003004302
3.418659  0.00003004152
3.421049  0.00003003751
3.424541  0.00003003167
3.424654  0.00003003148
3.425294  0.0000300304
3.427208  0.0000300272
3.433215  0.00003001714
3.443521  0.00002999989
3.449406  0.00002999004
3.450404  0.00002998836
3.450637  0.00002998797
3.450709  0.00002998785
3.453268  0.00002998357
3.454267  0.00002998189
3.457858  0.00002997588
3.457928  0.00002997577
3.459251  0.00002997355
3.462549  0.00002996803
3.465022  0.00002996389
3.46515  0.00002996368
3.465437  0.0000299632
3.467817  0.00002995921
3.468406  0.00002995822
3.468549  0.00002995798
3.468793  0.00002995757
3.469028  0.00002995718
3.469243  0.00002995682
3.469377  0.00002995659
3.47268  0.00002995107
3.472995  0.00002995054
3.473063  0.00002995043
3.476371  0.00002994489
3.476631  0.00002994445
3.47851  0.00002994131
3.4796  0.00002993948
3.48074  0.00002993758
3.4824  0.00002993479
3.483317  0.00002993326
3.484137  0.00002993189
3.486228  0.00002992838
3.4867  0.0000299276
3.489341  0.00002992318
3.490215  0.00002992171
3.492622  0.00002991768
3.493104  0.00002991687
3.495655  0.0000299126
3.496128  0.00002991181
3.499373  0.00002990637
3.508214  0.00002989157
3.509809  0.00002988891
3.510002  0.00002988858
3.51251  0.00002988438
3.513974  0.00002988193
3.517744  0.00002987561
3.523725  0.0000298656
3.523936  0.00002986525
3.526166  0.00002986151
3.528137  0.00002985821
3.530331  0.00002985454
3.531901  0.00002985191
3.533163  0.0000298498
3.535579  0.00002984575
3.536262  0.00002984461
3.539231  0.00002983964
3.541817  0.00002983531
3.542284  0.00002983453
3.543056  0.00002983324
3.543715  0.00002983213
3.543913  0.0000298318
3.546724  0.00002982709
3.547991  0.00002982497
3.551923  0.00002981839
3.554889  0.00002981343
3.557838  0.00002980849
3.559069  0.00002980643
3.560744  0.00002980362
3.560872  0.0000298034
3.562067  0.0000298014
3.56318  0.00002979954
3.564642  0.00002979709
3.564661  0.00002979706
3.565501  0.00002979565
3.571126  0.00002978623
3.57645  0.00002977732
3.579701  0.00002977188
3.58029  0.00002977089
3.580339  0.00002977081
3.580675  0.00002977025
3.580788  0.00002977006
3.583116  0.00002976616
3.58421  0.00002976433
3.584462  0.00002976391
3.589221  0.00002975594
3.589361  0.00002975571
3.589765  0.00002975503
3.590423  0.00002975393
3.590608  0.00002975362
3.591779  0.00002975166
3.59181  0.00002975161
3.596594  0.00002974359
3.597568  0.00002974196
3.600419  0.00002973719
3.601833  0.00002973482
3.603557  0.00002973194
3.605466  0.00002972874
3.605529  0.00002972864
3.609565  0.00002972188
3.60986  0.00002972138
3.611045  0.0000297194
3.613178  0.00002971583
3.613584  0.00002971515
3.614892  0.00002971296
3.617836  0.00002970803
3.619546  0.00002970517
3.621052  0.00002970265
3.622636  0.00002969999
3.626757  0.00002969309
3.627796  0.00002969135
3.634761  0.00002967969
3.638402  0.0000296736
3.640245  0.00002967051
3.641135  0.00002966902
3.643459  0.00002966513
3.649379  0.00002965149
3.649769  0.00002965021
3.651734  0.00002964376
3.652077  0.00002964263
3.654321  0.00002963526
3.654382  0.00002963506
3.654414  0.00002963495
3.660089  0.00002961632
3.664304  0.00002960249
3.667017  0.00002959358
3.66972  0.0000295847
3.670653  0.00002958164
3.673396  0.00002957264
3.676214  0.00002956338
3.677278  0.00002955989
3.677478  0.00002955923
3.67879  0.00002955492
3.682107  0.00002954404
3.686054  0.00002953108
3.686504  0.0000295296
3.688318  0.00002952364
3.692661  0.00002950939
3.693544  0.00002950649
3.695178  0.00002950112
3.699255  0.00002948774
3.699294  0.00002948761
3.701  0.00002948201
3.701732  0.00002947961
3.702796  0.00002947611
3.702918  0.00002947571
3.704357  0.00002947099
3.704939  0.00002946908
3.707609  0.00002946031
3.708619  0.000029457
3.712383  0.00002944464
3.712876  0.00002944302
3.713895  0.00002943968
3.715892  0.00002943312
3.718386  0.00002942493
3.718572  0.00002942432
3.723928  0.00002940674
3.729546  0.00002938829
3.731414  0.00002938216
3.731789  0.00002938093
3.733001  0.00002937695
3.734511  0.00002937199
3.734965  0.0000293705
3.736994  0.00002936385
3.737306  0.00002936282
3.738101  0.00002936021
3.738386  0.00002935927
3.738587  0.00002935861
3.739917  0.00002935424
3.74064  0.00002935187
3.740654  0.00002935182
3.740945  0.00002935087
3.743122  0.00002934372
3.746783  0.0000293317
3.748325  0.00002932664
3.752391  0.00002931329
3.752442  0.00002931313
3.754196  0.00002930737
3.757558  0.00002929632
3.757847  0.00002929537
3.758309  0.00002929386
3.758336  0.00002929377
3.759949  0.00002928848
3.760107  0.00002928796
3.763311  0.00002927744
3.764494  0.00002927355
3.765555  0.00002927007
3.769481  0.00002925718
3.77095  0.00002925236
3.775634  0.00002923699
3.776179  0.00002923519
3.776287  0.00002923484
3.77644  0.00002923434
3.777798  0.00002922988
3.779177  0.00002922535
3.779509  0.00002922426
3.779606  0.00002922394
3.784298  0.00002920854
3.787289  0.00002919872
3.787875  0.0000291968
3.789381  0.00002919185
3.790393  0.00002918853
3.790773  0.00002918728
3.791995  0.00002918327
3.792692  0.00002918098
3.798185  0.00002916295
3.801976  0.0000291505
3.803584  0.00002914522
3.808825  0.00002912801
3.810206  0.00002912348
3.811519  0.00002911917
3.814671  0.00002910882
3.816774  0.00002910192
3.818851  0.0000290951
3.820108  0.00002909097
3.824132  0.00002907776
3.824772  0.00002907566
3.827102  0.00002906801
3.827267  0.00002906747
3.828224  0.00002906433
3.828252  0.00002906423
3.828918  0.00002906205
3.829995  0.00002905851
3.83107  0.00002905498
3.831282  0.00002905429
3.837083  0.00002903524
3.841117  0.000029022
3.845034  0.00002900913
3.845258  0.0000290084
3.849343  0.00002899499
3.850306  0.00002899184
3.852197  0.00002898562
3.853055  0.0000289828
3.854739  0.00002897728
3.855613  0.00002897441
3.856259  0.00002897229
3.860955  0.00002895687
3.861323  0.00002895566
3.863228  0.0000289494
3.866678  0.00002893808
3.870534  0.00002892542
3.870909  0.00002892419
3.872871  0.00002891775
3.87367  0.00002891512
3.874048  0.00002891388
3.875907  0.00002890778
3.877052  0.00002890402
3.880397  0.00002889304
3.882317  0.00002888673
3.882915  0.00002888454
3.883175  0.00002888359
3.883843  0.00002888116
3.885367  0.00002887559
3.891725  0.00002885237
3.893519  0.00002884582
3.894665  0.00002884162
3.894976  0.00002884049
3.895433  0.00002883881
3.89923  0.00002882494
3.899744  0.00002882306
3.90121  0.00002881771
3.901323  0.0000288173
3.902311  0.00002881369
3.906401  0.00002879874
3.906819  0.00002879721
3.90749  0.00002879476
3.907893  0.00002879329
3.908564  0.00002879084
3.909451  0.00002878759
3.911779  0.00002877908
3.912537  0.00002877631
3.913078  0.00002877434
3.913755  0.00002877186
3.915847  0.00002876422
3.91776  0.00002875722
3.919146  0.00002875216
3.924706  0.00002873184
3.924833  0.00002873138
3.926004  0.0000287271
3.931274  0.00002870785
3.931337  0.00002870762
3.931599  0.00002870666
3.93337  0.00002870018
3.933612  0.0000286993
3.936852  0.00002868746
3.939123  0.00002867916
3.941759  0.00002866953
3.943862  0.00002866185
3.94501  0.00002865765
3.945344  0.00002865643
3.946002  0.00002865402
3.946216  0.00002865324
3.94969  0.00002864055
3.956177  0.00002861684
3.960348  0.00002860159
3.962883  0.00002859233
3.96312  0.00002859147
3.963402  0.00002859044
3.964281  0.00002858722
3.967545  0.0000285753
3.969786  0.00002856711
3.970002  0.00002856632
3.970026  0.00002856623
3.971649  0.0000285603
3.971742  0.00002855996
3.975849  0.00002854495
3.976206  0.00002854364
3.976373  0.00002854303
3.976915  0.00002854105
3.977315  0.00002853959
3.980436  0.00002852819
3.980794  0.00002852688
3.981113  0.00002852571
3.982958  0.00002851897
3.99116  0.000028489
3.991906  0.00002848627
3.994909  0.0000284753
3.996564  0.00002846925
3.996663  0.00002846889
3.997002  0.00002846765
3.997062  0.00002846743
3.997904  0.00002846435
4.000772  0.00002845387
4.001698  0.00002845049
4.002796  0.00002844648
4.005955  0.00002843494
4.007661  0.0000284287
4.008197  0.00002842674
4.008851  0.00002842435
4.009009  0.00002842377
4.010645  0.00002841779
4.010712  0.00002841755
4.013049  0.00002840901
4.013516  0.0000284073
4.01561  0.00002839965
4.022985  0.0000283727
4.024489  0.0000283672
4.029245  0.00002834982
4.029663  0.00002834829
4.029817  0.00002834773
4.031453  0.00002834175
4.032136  0.00002833926
4.033169  0.00002833548
4.033743  0.00002833339
4.034336  0.00002833122
4.03536  0.00002832748
4.03655  0.00002832313
4.036871  0.00002832195
4.039667  0.00002831174
4.041465  0.00002830517
4.042291  0.00002830215
4.047086  0.00002828463
4.047438  0.00002828334
4.05033  0.00002827277
4.053353  0.00002826172
4.054481  0.0000282576
4.05595  0.00002825223
4.057568  0.00002824632
4.058839  0.00002824168
4.059377  0.00002823971
4.059876  0.00002823788
4.062667  0.00002822769
4.062779  0.00002822728
4.064628  0.00002822052
4.065048  0.00002821898
4.06589  0.00002821591
4.066901  0.00002821221
4.068121  0.00002820776
4.068783  0.00002820534
4.069083  0.00002820424
4.072823  0.00002819058
4.073197  0.00002818921
4.074596  0.0000281841
4.075497  0.0000281808
4.075911  0.00002817929
4.077705  0.00002817273
4.077843  0.00002817223
4.082267  0.00002815606
4.086334  0.0000281412
4.09255  0.00002811239
4.093944  0.00002810535
4.097273  0.00002808849
4.097854  0.00002808555
4.097927  0.00002808518
4.102306  0.00002806301
4.10236  0.00002806274
4.104141  0.00002805372
4.10426  0.00002805312
4.104481  0.000028052
4.105771  0.00002804547
4.107289  0.00002803778
4.107911  0.00002803464
4.114301  0.00002800229
4.116164  0.00002799286
4.117027  0.00002798849
4.119744  0.00002797473
4.123467  0.00002795589
4.124541  0.00002795045
4.124811  0.00002794909
4.12658  0.00002794012
4.126717  0.00002793943
4.126832  0.00002793884
4.12782  0.00002793384
4.128791  0.00002792893
4.128887  0.00002792845
4.130286  0.00002792136
4.132099  0.00002791219
4.132112  0.00002791212
4.133812  0.00002790352
4.135506  0.00002789493
4.138971  0.00002787739
4.143255  0.0000278557
4.147495  0.00002783423
4.150677  0.00002781813
4.16267  0.00002775741
4.16361  0.00002775266
4.164076  0.00002775029
4.164296  0.00002774918
4.164622  0.00002774753
4.169635  0.00002772214
4.171635  0.00002771202
4.176189  0.00002768896
4.176456  0.00002768761
4.177302  0.00002768333
4.177672  0.00002768146
4.177888  0.00002768036
4.179635  0.00002767152
4.181662  0.00002766125
4.181927  0.00002765991
4.184295  0.00002764793
4.185321  0.00002764273
4.186277  0.00002763789
4.187916  0.00002762959
4.191253  0.0000276127
4.19402  0.00002759869
4.196816  0.00002758453
4.197476  0.00002758119
4.200775  0.00002756449
4.200999  0.00002756336
4.202998  0.00002755324
4.203702  0.00002754967
4.205136  0.00002754241
4.205676  0.00002753968
4.206274  0.00002753665
4.207327  0.00002753132
4.210209  0.00002751673
4.213228  0.00002750145
4.214503  0.00002749499
4.217193  0.00002748137
4.218036  0.00002747711
4.218443  0.00002747505
4.219533  0.00002746952
4.219855  0.00002746789
4.221697  0.00002745857
4.224442  0.00002744467
4.224531  0.00002744422
4.224967  0.00002744202
4.226883  0.00002743231
4.227331  0.00002743004
4.228474  0.00002742425
4.228714  0.00002742304
4.229467  0.00002741923
4.231298  0.00002740996
4.232416  0.0000274043
4.233909  0.00002739674
4.238599  0.00002737299
4.239352  0.00002736918
4.246736  0.0000273318
4.24741  0.00002732839
4.248867  0.00002732102
4.250575  0.00002731237
4.250712  0.00002731168
4.253759  0.00002729625
4.254023  0.00002729491
4.254041  0.00002729482
4.254054  0.00002729476
4.254767  0.00002729115
4.256085  0.00002728448
4.257492  0.00002727735
4.25805  0.00002727452
4.26077  0.00002726075
4.261598  0.00002725656
4.262256  0.00002725323
4.262711  0.00002725093
4.264196  0.0000272434
4.266568  0.0000272314
4.267527  0.00002722654
4.26775  0.00002722541
4.268925  0.00002721946
4.274273  0.00002719239
4.276862  0.00002717928
4.282031  0.00002715311
4.282855  0.00002714894
4.283226  0.00002714706
4.285399  0.00002713606
4.28602  0.00002713292
4.29094  0.00002710801
4.291691  0.00002710421
4.292357  0.00002710083
4.292833  0.00002709842
4.295235  0.00002708626
4.297133  0.00002707665
4.297928  0.00002707263
4.306883  0.00002705728
4.310279  0.00002707448
4.313052  0.00002708851
4.313967  0.00002709314
4.315995  0.00002710341
4.316135  0.00002710412
4.316236  0.00002710463
4.319792  0.00002712263
4.32012  0.00002712429
4.320122  0.0000271243
4.320564  0.00002712654
4.320858  0.00002712802
4.324583  0.00002714688
4.325711  0.0000271526
4.332902  0.00002718901
4.333551  0.00002719229
4.334565  0.00002719743
4.334576  0.00002719748
4.335168  0.00002720048
4.338626  0.00002721798
4.339257  0.00002722118
4.343606  0.0000272432
4.343818  0.00002724427
4.344353  0.00002724698
4.344981  0.00002725015
4.347692  0.00002726388
4.350208  0.00002727662
4.350889  0.00002728007
4.352511  0.00002728828
4.353362  0.00002729259
4.353938  0.0000272955
4.354941  0.00002730058
4.356301  0.00002730747
4.357299  0.00002731252
4.358429  0.00002731824
4.359548  0.0000273239
4.360679  0.00002732963
4.363105  0.00002734191
4.365662  0.00002735486
4.365782  0.00002735547
4.367951  0.00002736646
4.369816  0.0000273759
4.370138  0.00002737753
4.370471  0.00002737921
4.370978  0.00002738178
4.371467  0.00002738426
4.371542  0.00002738464
4.373893  0.00002739654
4.377954  0.00002741709
4.381337  0.00002743422
4.383786  0.00002744662
4.386092  0.00002745829
4.386715  0.00002746144
4.388881  0.00002747242
4.391152  0.00002748391
4.391297  0.00002748465
4.395493  0.00002750589
4.397507  0.00002751609
4.397866  0.0000275179
4.405445  0.00002755627
4.406521  0.00002756172
4.410417  0.00002758144
4.410726  0.00002758301
4.418423  0.00002762198
4.421278  0.00002763643
4.422171  0.00002764095
4.4224  0.00002764211
4.423467  0.00002764751
4.425186  0.00002765622
4.428757  0.0000276743
4.42978  0.00002767948
4.430338  0.0000276823
4.430658  0.00002768392
4.430811  0.0000276847
4.431492  0.00002768815
4.433129  0.00002769643
4.438347  0.00002772285
4.438914  0.00002772572
4.440399  0.00002773324
4.441077  0.00002773667
4.442747  0.00002774513
4.444224  0.00002775261
4.445896  0.00002776107
4.44699  0.00002776661
4.453377  0.00002779894
4.45532  0.00002780878
4.455383  0.0000278091
4.456706  0.0000278158
4.458309  0.00002782391
4.459944  0.00002783219
4.46145  0.00002783982
4.463501  0.0000278502
4.464184  0.00002785366
4.466544  0.0000278656
4.468087  0.00002787341
4.46949  0.00002788051
4.469574  0.00002788094
4.469814  0.00002788215
4.470034  0.00002788327
4.473381  0.00002790022
4.476319  0.00002791509
4.478178  0.0000279245
4.478407  0.00002792566
4.482544  0.00002794661
4.483114  0.0000279495
4.484314  0.00002795556
4.485297  0.00002796054
4.487067  0.00002796951
4.487179  0.00002797007
4.487326  0.00002797082
4.491666  0.00002799279
4.496992  0.00002801975
4.498259  0.00002802617
4.498282  0.00002802628
4.498515  0.00002802746
4.499468  0.00002803229
4.499729  0.00002803361
4.500907  0.00002803957
4.5059  0.00002806485
4.507856  0.00002807476
4.510637  0.00002808884
4.512679  0.00002809917
4.515015  0.000028111
4.516138  0.00002811669
4.518597  0.00002812914
4.51939  0.0000281302
4.519997  0.00002812684
4.520455  0.00002812431
4.525199  0.00002809533
4.525854  0.00002809077
4.52909  0.00002806825
4.530901  0.00002805564
4.535408  0.00002802426
4.535455  0.00002802393
4.536658  0.00002801556
4.538938  0.00002799969
4.544172  0.00002796325
4.545467  0.00002795424
4.546255  0.00002794875
4.549273  0.00002792774
4.55094  0.00002791615
4.552229  0.00002790716
4.55373  0.00002789672
4.558842  0.00002786114
4.558844  0.00002786112
4.55947  0.00002785676
4.560098  0.00002785239
4.562843  0.00002783328
4.564496  0.00002782177
4.566046  0.00002781098
4.567162  0.00002780322
4.567309  0.00002780219
4.56937  0.00002778784
4.569573  0.00002778642
4.570072  0.00002778296
4.571141  0.00002777552
4.57188  0.00002777037
4.57594  0.0000277421
4.578916  0.00002772139
4.580294  0.0000277118
4.580845  0.00002770796
4.582236  0.00002769828
4.583982  0.00002768612
4.584987  0.00002767912
4.586223  0.00002767052
4.586493  0.00002766864
4.58722  0.00002766358
4.588642  0.00002765368
4.590132  0.00002764331
4.593588  0.00002761925
4.594724  0.00002761134
4.595619  0.00002760512
4.598661  0.00002758394
4.599716  0.0000275766
4.599763  0.00002757627
4.600269  0.00002757274
4.600282  0.00002757265
4.602147  0.00002755967
4.603439  0.00002755068
4.603923  0.00002754731
4.606517  0.00002752925
4.60746  0.00002752269
4.608947  0.00002751234
4.614601  0.00002747297
4.61694  0.00002745669
4.617112  0.00002745549
4.617487  0.00002745289
4.618758  0.00002744404
4.619904  0.00002743606
4.620035  0.00002743515
4.621725  0.00002742339
4.62312  0.00002741367
4.623534  0.00002741079
4.625975  0.00002739379
4.626818  0.00002738793
4.627394  0.00002738392
4.627623  0.00002738232
4.628617  0.0000273754
4.631991  0.00002735192
4.634363  0.00002733541
4.636095  0.00002732336
4.637955  0.0000273104
4.639557  0.00002729925
4.641761  0.00002728391
4.643677  0.00002727057
4.647583  0.00002724338
4.647715  0.00002724246
4.650023  0.00002722639
4.651084  0.00002721901
4.652198  0.00002721125
4.65316  0.00002720455
4.658658  0.00002716629
4.659265  0.00002716206
4.659317  0.0000271617
4.660187  0.00002715565
4.660194  0.0000271556
4.662249  0.00002714129
4.664676  0.00002712439
4.666427  0.0000271122
4.667929  0.00002710175
4.668012  0.00002710117
4.668987  0.00002709438
4.670186  0.00002708603
4.671793  0.00002707485
4.674482  0.00002705613
4.676313  0.00002704467
4.677081  0.00002704229
4.677537  0.00002704229
4.679164  0.00002704229
4.679626  0.00002704229
4.680879  0.00002704229
4.68338  0.00002704229
4.684008  0.00002704229
4.685964  0.00002704229
4.686233  0.00002704229
4.688941  0.00002704229
4.691439  0.00002704229
4.692958  0.00002704229
4.694978  0.00002704229
4.696549  0.00002704229
4.700969  0.00002704229
4.702512  0.00002704229
4.703512  0.00002704229
4.704999  0.00002704229
4.705499  0.00002704229
4.707117  0.00002704229
4.707138  0.00002704229
4.707929  0.00002704229
4.707931  0.00002704229
4.709387  0.00002704229
4.710709  0.00002704229
4.711528  0.00002704229
4.714552  0.00002704229
4.71669  0.00002704229
4.719274  0.00002704229
4.721104  0.00002704229
4.723943  0.00002704229
4.724035  0.00002704229
4.724093  0.00002704229
4.725068  0.00002704229
4.725558  0.00002704229
4.737593  0.00002704229
4.738399  0.00002704229
4.740071  0.00002704229
4.740353  0.00002704229
4.741327  0.00002704229
4.741369  0.00002704229
4.743052  0.00002704229
4.749556  0.00002704229
4.749623  0.00002704229
4.751034  0.00002704229
4.75577  0.00002704229
4.757824  0.00002704229
4.758062  0.00002704229
4.758224  0.00002704229
4.758881  0.00002704229
4.765021  0.00002704229
4.768981  0.00002704229
4.771046  0.00002704229
4.771825  0.00002704229
4.773518  0.00002704229
4.774257  0.00002704229
4.774715  0.00002704229
4.777437  0.00002704229
4.785563  0.00002704229
4.787138  0.00002704229
4.787663  0.00002704229
4.788028  0.00002704229
4.790412  0.00002704229
4.790728  0.00002704229
4.791714  0.00002704229
4.793611  0.00002704229
4.79472  0.00002704229
4.797837  0.00002704229
4.799714  0.00002704229
4.800921  0.00002704229
4.801257  0.00002704229
4.802575  0.00002704229
4.804504  0.00002704229
4.804626  0.00002704229
4.804806  0.00002704229
4.804844  0.00002704229
4.806158  0.00002704229
4.806652  0.00002704229
4.807277  0.00002704229
4.809847  0.00002704229
4.81045  0.00002704229
4.811026  0.00002704229
4.811579  0.00002704229
4.813292  0.00002704229
4.813918  0.00002704229
4.818482  0.00002704229
4.819796  0.00002704229
4.820674  0.00002704229
4.825293  0.00002704229
4.826069  0.00002704229
4.827083  0.00002704229
4.829252  0.00002704229
4.830223  0.00002704229
4.83045  0.00002704229
4.831804  0.00002704229
4.832664  0.00002704229
4.832717  0.00002704229
4.833379  0.00002704229
4.835099  0.00002704229
4.836497  0.00002704229
4.837257  0.00002704229
4.837931  0.00002704229
4.840174  0.00002704229
4.840332  0.00002704229
4.844603  0.00002704229
4.844621  0.00002704229
4.84508  0.00002704229
4.84578  0.00002704229
4.847724  0.00002704229
4.851954  0.00002704229
4.852305  0.00002704229
4.853164  0.00002704229
4.854516  0.00002704229
4.854741  0.00002704229
4.855242  0.00002704229
4.859242  0.00002704229
4.861682  0.00002704229
4.8619  0.00002704249
4.864602  0.00002704698
4.865332  0.00002704883
4.867903  0.00002705532
4.868282  0.00002705627
4.870735  0.00002706248
4.87135  0.00002706403
4.872399  0.00002706668
4.87506  0.0000270734
4.875352  0.00002707414
4.875433  0.00002707435
4.87581  0.0000270753
4.877062  0.00002707847
4.882006  0.00002709096
4.882101  0.0000270912
4.883658  0.00002709513
4.884832  0.0000270981
4.885721  0.00002710034
4.89054  0.00002711252
4.894268  0.00002712193
4.894411  0.00002712229
4.894572  0.0000271227
4.894649  0.0000271229
4.89478  0.00002712323
4.894824  0.00002712334
4.8954  0.0000271248
4.895986  0.00002712628
4.898147  0.00002713173
4.900603  0.00002713794
4.901605  0.00002714048
4.904213  0.00002714706
4.904682  0.00002714825
4.905006  0.00002714907
4.907831  0.0000271562
4.909223  0.00002715973
4.909865  0.00002716135
4.912421  0.0000271678
4.91675  0.00002717874
4.921144  0.00002718984
4.922057  0.00002719215
4.922697  0.00002719377
4.924813  0.00002719912
4.926569  0.00002720355
4.926686  0.00002720385
4.929419  0.00002721075
4.932783  0.00002721925
4.940783  0.00002723947
4.942224  0.00002724311
4.944191  0.00002724808
4.947613  0.00002725672
4.949407  0.00002726126
4.950856  0.00002726492
4.955413  0.00002727643
4.956941  0.00002728029
4.957876  0.00002728266
4.961078  0.00002729075
4.968432  0.00002730933
4.968789  0.00002731023
4.971559  0.00002731723
4.9774  0.00002733199
4.978408  0.00002733454
4.980412  0.0000273396
4.982527  0.00002734495
4.982666  0.0000273453
4.98525  0.00002735182
4.988996  0.00002736129
4.991531  0.00002736769
4.992306  0.00002736965
4.993866  0.00002737359
4.996242  0.0000273796
4.997846  0.00002738366
4.999058  0.00002738672
4.999612  0.00002738812
5.001819  0.00002739369
5.001931  0.00002739397
5.003422  0.00002739774
5.00352  0.00002739798
5.003524  0.00002739799
5.005024  0.00002740178
5.00606  0.0000274044
5.009335  0.00002741266
5.010645  0.00002741597
5.01592  0.00002742929
5.017107  0.00002743228
5.01717  0.00002743244
5.018052  0.00002743467
5.018561  0.00002743595
5.018845  0.00002743667
5.0194  0.00002743807
5.019707  0.00002743885
5.021595  0.00002744361
5.022585  0.00002744611
5.025471  0.0000274534
5.026983  0.00002745721
5.031115  0.00002746765
5.032848  0.00002747202
5.034019  0.00002747498
5.042533  0.00002749647
5.044933  0.00002750253
5.045851  0.00002750485
5.046658  0.00002750688
5.048526  0.0000275116
5.052012  0.0000275204
5.052679  0.00002752208
5.054251  0.00002752605
5.054331  0.00002752625
5.058108  0.00002753579
5.059231  0.00002753863
5.060703  0.00002754234
5.061163  0.0000275435
5.065049  0.00002755331
5.065614  0.00002755474
5.069891  0.00002756554
5.071835  0.00002757044
5.072025  0.00002757092
5.073537  0.00002757474
5.075099  0.00002757868
5.07606  0.00002758111
5.077921  0.00002758581
5.08101  0.00002759361
5.0826  0.00002759762
5.08377  0.00002760057
5.085491  0.00002760492
5.0855  0.00002760494
5.0875  0.00002760999
5.093657  0.00002762553
5.095066  0.00002762909
5.096294  0.00002763219
5.097486  0.0000276352
5.099165  0.00002763944
5.099423  0.00002764009
5.101925  0.00002764641
5.104108  0.00002765192
5.107494  0.00002766047
5.10822  0.0000276623
5.11705  0.00002768459
5.122226  0.00002769765
5.123693  0.00002770136
5.125736  0.00002770652
5.125795  0.00002770667
5.127998  0.00002771223
5.129989  0.00002771725
5.132986  0.00002772482
5.136403  0.00002773344
5.141088  0.00002774527
5.141808  0.00002774709
5.148846  0.00002776486
5.149793  0.00002776725
5.149818  0.00002776731
5.150095  0.00002776801
5.153764  0.00002777727
5.15392  0.00002777767
5.157149  0.00002778582
5.158427  0.00002778904
5.161626  0.00002779712
5.162306  0.00002779884
5.162339  0.00002779892
5.163287  0.00002780132
5.16497  0.00002780556
5.167909  0.00002781298
5.171033  0.00002782087
5.172493  0.00002782456
5.172799  0.00002782533
5.17385  0.00002782798
5.177894  0.00002783819
5.181403  0.00002784705
5.183142  0.00002785144
5.183959  0.0000278535
5.186002  0.00002785866
5.188433  0.0000278648
5.189083  0.00002786644
5.190588  0.00002787023
5.19071  0.00002787054
5.191099  0.00002787153
5.198338  0.0000278898
5.207036  0.00002791176
5.207264  0.00002791233
5.207481  0.00002791288
5.208872  0.00002791639
5.210604  0.00002792076
5.211556  0.00002792317
5.214651  0.00002793098
5.21607  0.00002793456
5.217984  0.0000279394
5.218414  0.00002794048
5.22102  0.00002794706
5.22119  0.00002794749
5.222518  0.00002795084
5.224051  0.00002795471
5.224443  0.0000279557
5.227192  0.00002796264
5.230931  0.00002797208
5.23365  0.00002797895
5.236024  0.00002798494
5.237112  0.00002798769
5.238046  0.00002799004
5.241005  0.00002799751
5.242125  0.00002800034
5.245161  0.000028008
5.245187  0.00002800807
5.249961  0.00002802012
5.250135  0.00002802056
5.250716  0.00002802203
5.251351  0.00002802363
5.25467  0.00002803201
5.255597  0.00002803435
5.25753  0.00002803923
5.257594  0.00002803939
5.257903  0.00002804017
5.258339  0.00002804127
5.261067  0.00002804816
5.263642  0.00002805466
5.264595  0.00002805706
5.266543  0.00002806198
5.269593  0.00002806968
5.270192  0.0000280712
5.273228  0.00002807886
5.274594  0.00002808231
5.275565  0.00002808476
5.277408  0.00002808941
5.278134  0.00002809125
5.280635  0.00002809756
5.281302  0.00002809924
5.281665  0.00002810016
5.28304  0.00002810363
5.288253  0.00002811679
5.288715  0.00002811796
5.291781  0.0000281257
5.292913  0.00002812855
5.297377  0.00002813982
5.299597  0.00002814543
5.301072  0.00002814915
5.306533  0.00002816294
5.3066  0.00002816311
5.306679  0.00002816331
5.312756  0.00002817865
5.317622  0.00002819093
5.317637  0.00002819097
5.320557  0.00002819834
5.320623  0.00002819851
5.321602  0.00002820098
5.322594  0.00002820348
5.322941  0.00002820436
5.324606  0.00002820856
5.325981  0.00002821204
5.32675  0.00002821397
5.327891  0.00002821686
5.330174  0.00002822262
5.330786  0.00002822416
5.337038  0.00002823995
5.3382  0.00002824288
5.339146  0.00002824527
5.339387  0.00002824588
5.340434  0.00002824852
5.340772  0.00002824937
5.340828  0.00002824952
5.341262  0.00002825061
5.343083  0.00002825521
5.346141  0.00002826293
5.347997  0.00002826761
5.350103  0.00002827293
5.354135  0.00002828311
5.355602  0.00002828681
5.355634  0.00002828689
5.361094  0.00002830068
5.364534  0.00002830936
5.364601  0.00002830953
5.367718  0.0000283174
5.371409  0.00002832672
5.372296  0.00002832896
5.381032  0.00002835101
5.381285  0.00002835165
5.382102  0.00002835371
5.384543  0.00002835987
5.384568  0.00002835994
5.388902  0.00002837088
5.390538  0.00002837501
5.39228  0.00002837941
5.393453  0.00002838237
5.393984  0.00002838371
5.394906  0.00002838604
5.395202  0.00002838678
5.398679  0.00002839556
5.399289  0.0000283971