1.181022  0.05659004
1.18157  0.05652476
1.182076  0.05646447
1.186012  0.05599524
1.18939  0.05559244
1.189848  0.05553783
1.190427  0.05546892
1.19348  0.05510484
1.195734  0.05483622
1.195918  0.05481425
1.195989  0.05480576
1.197519  0.05462334
1.2005  0.05426797
1.202168  0.05406915
1.202212  0.05406394
1.203106  0.05395729
1.203673  0.0538898
1.203891  0.05386373
1.20421  0.05382568
1.209079  0.05324527
1.211281  0.05298277
1.214059  0.05265162
1.216964  0.05230522
1.220266  0.0519116
1.221161  0.05180487
1.221784  0.05173063
1.223744  0.05149703
1.22547  0.05129121
1.227757  0.05101857
1.228543  0.05092492
1.229548  0.05080502
1.230631  0.05067596
1.231175  0.0506111
1.233569  0.05032566
1.238154  0.04977904
1.239924  0.04956813
1.24382  0.04910363
1.244659  0.04900363
1.247385  0.04867864
1.247477  0.0486676
1.252738  0.0480405
1.255202  0.04774669
1.262112  0.04692295
1.264072  0.0466893
1.266883  0.04635415
1.269198  0.04607821
1.269667  0.04602229
1.269748  0.04601262
1.270109  0.04596961
1.270128  0.04596728
1.271091  0.04585249
1.271722  0.04577725
1.274307  0.0454691
1.275333  0.04535186
1.27673  0.04522008
1.277246  0.04517132
1.277604  0.04513761
1.283121  0.04461703
1.285972  0.04434795
1.286584  0.04429018
1.289187  0.04404455
1.28955  0.04401037
1.293528  0.04363497
1.294176  0.0435738
1.297597  0.04325106
1.30231  0.04280628
1.303141  0.04272786
1.303563  0.04268803
1.305841  0.04247313
1.308077  0.04226212
1.311137  0.04197338
1.314449  0.04166082
1.314977  0.04161103
1.315377  0.0415733
1.320146  0.04112323
1.320968  0.04104567
1.322226  0.04092699
1.323843  0.04077442
1.325796  0.04059013
1.326045  0.04056666
1.328389  0.0403454
1.328807  0.040306
1.32964  0.04022744
1.330628  0.04013416
1.331027  0.04009654
1.333104  0.03990053
1.333718  0.03984261
1.336135  0.03961454
1.336406  0.03958893
1.337097  0.0395237
1.337228  0.03951141
1.337378  0.03949722
1.338416  0.03939924
1.340635  0.03918991
1.346968  0.03859233
1.348151  0.03848064
1.348222  0.03847402
1.348812  0.03841826
1.352601  0.03806079
1.353879  0.03794017
1.357719  0.03757783
1.358824  0.03747355
1.364091  0.03697657
1.365982  0.03679808
1.366599  0.03673992
1.376271  0.03594323
1.378603  0.03578341
1.380577  0.03564813
1.382932  0.03548672
1.38441  0.0353854
1.385735  0.03529458
1.385964  0.03527889
1.386812  0.03522076
1.388807  0.03508406
1.390991  0.03493433
1.393963  0.03473065
1.394288  0.03470835
1.395102  0.03465258
1.396853  0.03453256
1.401571  0.03420919
1.403045  0.03410813
1.413134  0.03341666
1.415571  0.03324961
1.415805  0.03323361
1.416498  0.03318611
1.416573  0.03318096
1.416737  0.03316971
1.416773  0.03316725
1.417508  0.03311687
1.418224  0.03306781
1.418634  0.03303967
1.419004  0.03301436
1.421413  0.03284921
1.424626  0.03262899
1.431781  0.0321386
1.434364  0.03196155
1.434487  0.03195313
1.434773  0.03193352
1.434914  0.03192383
1.435933  0.03185398
1.436076  0.03184425
1.438181  0.03169992
1.438367  0.03168718
1.447119  0.03108734
1.454135  0.03060643
1.454474  0.03058323
1.458449  0.03031076
1.460186  0.0301917
1.466466  0.02976129
1.469642  0.02954358
1.473458  0.02928205
1.47405  0.0292415
1.475212  0.02916183
1.477395  0.0290122
1.477904  0.02897735
1.484045  0.02870135
1.486709  0.0285836
1.492654  0.02832084
1.493907  0.02826548
1.494242  0.02825067
1.49458  0.02823574
1.499123  0.02803495
1.503817  0.02782752
1.506314  0.02771714
1.506612  0.02770398
1.508755  0.02760928
1.51099  0.0275105
1.511039  0.02750832
1.512217  0.02745627
1.512594  0.02743963
1.513696  0.02739092
1.514541  0.02735357
1.515391  0.027316
1.521682  0.02703794
1.521959  0.02702571
1.523655  0.02695074
1.523962  0.02693719
1.526133  0.02684123
1.527336  0.02678809
1.527778  0.02676852
1.528327  0.02674428
1.530037  0.02666869
1.532801  0.02654656
1.533675  0.02650792
1.536617  0.02637792
1.536782  0.0263706
1.537833  0.02632416
1.539858  0.02623465
1.542662  0.02611075
1.543166  0.02608847
1.544093  0.02604749
1.545952  0.02596534
1.547767  0.02588513
1.548511  0.02585225
1.553055  0.02565142
1.554481  0.0255884
1.554894  0.02557013
1.558461  0.02541252
1.562465  0.02523553
1.564785  0.025133
1.570681  0.02487245
1.572514  0.02479143
1.572787  0.02477935
1.575899  0.02464185
1.576162  0.0246302
1.576315  0.02462346
1.576806  0.02460174
1.578379  0.02453223
1.582219  0.02436253
1.582569  0.02434703
1.584207  0.02427464
1.586883  0.0241564
1.586941  0.02415383
1.587276  0.024139
1.590722  0.02398674
1.590728  0.02398644
1.592463  0.02390979
1.593632  0.02385812
1.593685  0.02385579
1.594509  0.02381936
1.595892  0.02375822
1.598378  0.02364836
1.599199  0.02361206
1.599647  0.02359226
1.602651  0.02345951
1.60276  0.0234547
1.604865  0.02336166
1.612827  0.0230098
1.616106  0.02286487
1.619141  0.02273073
1.620816  0.02265671
1.621691  0.02261806
1.625186  0.02246357
1.626748  0.02239454
1.630421  0.02223224
1.633605  0.02209152
1.634505  0.02205172
1.63523  0.02201967
1.636691  0.02195513
1.636763  0.02195195
1.637725  0.02190943
1.637886  0.02190228
1.638993  0.02185337
1.641372  0.02174822
1.641834  0.02172784
1.641896  0.02172509
1.644528  0.02160876
1.647194  0.02149092
1.648321  0.02144112
1.648357  0.02143952
1.650486  0.02134546
1.650535  0.02134329
1.651911  0.02128249
1.653345  0.02121908
1.655373  0.02112947
1.656288  0.021089
1.657  0.02105754
1.662965  0.02085311
1.663041  0.02085076
1.664071  0.02081893
1.669117  0.02066287
1.673744  0.02051978
1.6738  0.02051805
1.67394  0.02051371
1.674002  0.02051179
1.675595  0.02046255
1.675616  0.02046188
1.676228  0.02044295
1.678595  0.02036976
1.680618  0.02030721
1.687217  0.02010315
1.689342  0.0200374
1.693492  0.01990908
1.694645  0.01987343
1.695228  0.0198554
1.695723  0.0198401
1.696231  0.01982437
1.696736  0.01980877
1.702425  0.01963285
1.7032  0.01960886
1.704433  0.01957074
1.705128  0.01954924
1.709019  0.01942892
1.709433  0.01941611
1.710092  0.01939574
1.711723  0.0193453
1.715819  0.01921861
1.718374  0.01913961
1.720334  0.019079
1.720595  0.01907092
1.722593  0.01900915
1.724851  0.01893932
1.72913  0.01880699
1.729428  0.01879776
1.729671  0.01879025
1.731167  0.01874399
1.734092  0.01865354
1.736564  0.01857709
1.7374  0.01855125
1.739111  0.01849832
1.741216  0.01843324
1.74191  0.01841178
1.742737  0.01838621
1.744831  0.01832146
1.745465  0.01830184
1.746322  0.01827532
1.747781  0.01823023
1.749501  0.01817704
1.752603  0.01808109
1.753277  0.01806025
1.753555  0.01805167
1.757681  0.01792406
1.759684  0.01786212
1.761403  0.01780895
1.761568  0.01780386
1.763792  0.01773508
1.765104  0.0176945
1.770995  0.01751234
1.772307  0.01747176
1.775026  0.01738768
1.776418  0.01734463
1.776635  0.01733791
1.777255  0.01731874
1.778739  0.01727286
1.78351  0.01712532
1.784822  0.01708473
1.785094  0.01707634
1.789516  0.01693958
1.790791  0.01690016
1.790904  0.01689667
1.791984  0.01686327
1.79341  0.01681915
1.795495  0.01675469
1.797951  0.01667873
1.798605  0.01665849
1.802799  0.0165288
1.804713  0.01646963
1.805303  0.01645137
1.80899  0.01633736
1.809937  0.01630808
1.819936  0.01599886
1.823376  0.01589248
1.825604  0.01582356
1.828569  0.01573187
1.829067  0.01571648
1.830315  0.0156779
1.831  0.01565669
1.831233  0.01564949
1.832436  0.01561228
1.832779  0.01560169
1.842093  0.01531364
1.842511  0.01530074
1.847266  0.01517744
1.847706  0.01516933
1.851606  0.01509736
1.855188  0.01503125
1.857655  0.01498573
1.858044  0.01497856
1.859191  0.0149574
1.863457  0.01487867
1.86388  0.01487087
1.86508  0.01484873
1.86519  0.01484668
1.866037  0.01483107
1.869504  0.01476709
1.872796  0.01470634
1.873293  0.01469717
1.875456  0.01465725
1.876209  0.01464335
1.877218  0.01462473
1.877443  0.01462057
1.880133  0.01457094
1.881731  0.01454146
1.883551  0.01450787
1.890755  0.01437493
1.893721  0.01432021
1.895658  0.01428447
1.895893  0.01428012
1.895929  0.01427945
1.899126  0.01422047
1.901613  0.01417457
1.901627  0.01417432
1.904885  0.0141142
1.907386  0.01406805
1.907914  0.0140583
1.908311  0.01405098
1.915215  0.01392357
1.916441  0.01390095
1.918503  0.01386289
1.918564  0.01386177
1.919288  0.01384841
1.921541  0.01380683
1.921792  0.01380222
1.922636  0.01378664
1.923125  0.01377762
1.923553  0.0137697
1.925281  0.01373782
1.926087  0.01372296
1.928409  0.0136801
1.928484  0.01367871
1.928767  0.0136735
1.930715  0.01363755
1.933662  0.01358316
1.936614  0.0135287
1.938996  0.01348473
1.9392  0.01348097
1.939575  0.01347406
1.939671  0.01347228
1.945579  0.01336326
1.945752  0.01336007
1.948161  0.01331562
1.948496  0.01330944
1.954282  0.01320266
1.956174  0.01316775
1.956435  0.01316294
1.960543  0.01308712
1.960636  0.01308542
1.967353  0.01296147
1.967423  0.01296017
1.967703  0.01295501
1.968427  0.01294165
1.969096  0.0129293
1.978243  0.01276052
1.97864  0.01275318
1.979224  0.01274242
1.97928  0.01274138
1.985834  0.01262044
1.986165  0.01261432
1.986867  0.01260138
1.989321  0.0125561
1.993573  0.01247763
1.995763  0.01243722
1.995855  0.01243551
1.99981  0.01236253
1.999907  0.01236075
2.003047  0.01230279
2.003453  0.0122953
2.006212  0.0122444
2.006951  0.01223077
2.007565  0.01221942
2.008324  0.01220543
2.008888  0.01219501
2.009591  0.01218205
2.010115  0.01217238
2.011174  0.01215284
2.01149  0.012147
2.012605  0.01212642
2.013135  0.01211665
2.0142  0.012097
2.014958  0.01208302
2.01795  0.01202779
2.021154  0.01196867
2.022142  0.01195045
2.022541  0.01194308
2.022948  0.01193556
2.02359  0.01192371
2.031744  0.01177325
2.031938  0.01176967
2.03236  0.01176188
2.033048  0.01174919
2.033414  0.01174243
2.035971  0.01169525
2.03618  0.01169139
2.03695  0.01167718
2.03843  0.01164989
2.038738  0.01164419
2.039546  0.01162929
2.042406  0.0115765
2.043283  0.01156032
2.044981  0.01152899
2.046427  0.01150231
2.04647  0.01150151
2.048557  0.01146301
2.053039  0.01138771
2.053071  0.01138729
2.053355  0.01138346
2.055003  0.01136124
2.0605  0.01128713
2.061913  0.01126808
2.064995  0.01122652
2.067464  0.01119325
2.0699  0.01116039
2.074992  0.01109175
2.075642  0.01108299
2.079357  0.01103291
2.079882  0.01102583
2.082627  0.01098882
2.082984  0.01098401
2.083452  0.0109777
2.084553  0.01096285
2.085427  0.01095107
2.086046  0.01094273
2.086975  0.0109302
2.087253  0.01092645
2.094929  0.01082296
2.096853  0.01079702
2.097628  0.01078658
2.098628  0.0107731
2.100173  0.01075227
2.103429  0.01070838
2.104955  0.0106878
2.105579  0.01067939
2.106419  0.01066806
2.10685  0.01066226
2.107952  0.0106474
2.108007  0.01064665
2.108405  0.01064129
2.111131  0.01060454
2.112032  0.01059239
2.115228  0.0105493
2.119021  0.01049816
2.122705  0.0104485
2.130142  0.01034824
2.132489  0.0103166
2.132864  0.01031154
2.13413  0.01029447
2.137341  0.01025118
2.13868  0.01023314
2.138786  0.0102317
2.140629  0.01020685
2.142168  0.01018611
2.147606  0.01011279
2.158078  0.009971609
2.158084  0.009971532
2.160298  0.009941681
2.160729  0.009935873
2.161081  0.009931121
2.162276  0.009915022
2.163406  0.009899785
2.16348  0.009898778
2.167221  0.009848347
2.173706  0.009760914
2.174079  0.009755889
2.174632  0.009748439
2.175697  0.009734074
2.177168  0.009714248
2.181774  0.009652145
2.184118  0.009620553
2.186166  0.009592935
2.186968  0.009582128
2.189668  0.009545721
2.191183  0.009525306
2.191326  0.009523378
2.198158  0.009431269
2.199369  0.00941494
2.199693  0.009410572
2.201331  0.009388493
2.202678  0.009370331
2.203438  0.009360087
2.203558  0.009358464
2.206096  0.009324254
2.208611  0.009290349
2.209162  0.009282915
2.214719  0.009207991
2.215228  0.009201133
2.217739  0.009167285
2.219096  0.00914898
2.219169  0.009148007
2.220256  0.009133353
2.22118  0.009120897
2.223256  0.0090929
2.22412  0.009081257
2.224378  0.009077774
2.224639  0.009074262
2.229399  0.009010081
2.229494  0.00900881
2.232307  0.008970881
2.233843  0.00895017
2.235617  0.008926259
2.236909  0.008908842
2.238695  0.008884763
2.239538  0.008873399
2.240016  0.008866943
2.241698  0.00884427
2.242054  0.008839468
2.242175  0.008837837
2.243389  0.00882147
2.245186  0.008797251
2.24528  0.008795978
2.245387  0.008794543
2.245498  0.008793036
2.246707  0.008776743
2.247804  0.008761959
2.248948  0.008746528
2.249251  0.008742443
2.249316  0.008741565
2.249329  0.008741391
2.250081  0.008731259
2.253089  0.008690705
2.259743  0.008600997
2.262874  0.008558782
2.264328  0.008539181
2.265303  0.008526042
2.272158  0.008433621
2.273938  0.008409624
2.275803  0.008384486
2.276326  0.008377432
2.27751  0.008361461
2.279135  0.008339555
2.283749  0.008277351
2.284691  0.008264649
2.287594  0.008225513
2.28956  0.008199017
2.290181  0.008190645
2.293124  0.008150968
2.294866  0.008127485
2.298265  0.008081648
2.298644  0.008076543
2.298742  0.008075229
2.300762  0.008047992
2.301835  0.008033531
2.30186  0.008033187
2.304895  0.00799227
2.306112  0.007975866
2.307086  0.007962728
2.312484  0.007889956
2.315041  0.007855488
2.315237  0.007852844
2.317229  0.007825992
2.318631  0.007807084
2.32286  0.007752372
2.324475  0.007735955
2.330833  0.007671327
2.334113  0.007637981
2.340035  0.007577777
2.348067  0.007496124
2.349441  0.007482153
2.350214  0.007474291
2.354189  0.007433884
2.354567  0.007430045
2.354812  0.007427546
2.356181  0.007413632
2.362012  0.007354357
2.365459  0.007319312
2.365587  0.007318008
2.365714  0.007316717
2.369612  0.007277092
2.371513  0.00725777
2.371911  0.007253723
2.374001  0.007232473
2.376052  0.007211623
2.376364  0.007208455
2.376548  0.007206576
2.380667  0.007164708
2.38175  0.007153697
2.38348  0.007136108
2.386236  0.007108089
2.38885  0.007081513
2.389559  0.00707431
2.3897  0.007072877
2.389838  0.007071474
2.390546  0.007064281
2.396567  0.007003063
2.399353  0.006974746
2.400833  0.006959701
2.401044  0.006957558
2.402839  0.006939304
2.406339  0.006903722
2.406501  0.006902082
2.40802  0.006886635
2.413086  0.006835132
2.416206  0.006803415
2.416303  0.006802427
2.421127  0.006753384
2.423495  0.006729316
2.427244  0.006691205
2.428  0.006683519
2.428467  0.006678772
2.42926  0.006670708
2.43223  0.006640519
2.438201  0.006579816
2.441331  0.006547996
2.441835  0.006542865
2.442365  0.00653748
2.443852  0.006522362
2.448731  0.006472767
2.450854  0.006451184
2.452426  0.006435198
2.452499  0.006434458
2.464533  0.006342984
2.464545  0.006342912
2.46488  0.006340974
2.466452  0.006331863
2.472599  0.00629625
2.475564  0.006279068
2.48329  0.006234304
2.483599  0.006232516
2.485566  0.00622112
2.486536  0.006215498
2.486826  0.006213817
2.489083  0.006200739
2.490485  0.006192616
2.491426  0.006187168
2.492243  0.006182432
2.492783  0.006179301
2.493245  0.006176624
2.49498  0.006166575
2.498233  0.006147724
2.500153  0.006136601
2.501678  0.006127763
2.502182  0.006124847
2.503143  0.006119275
2.504759  0.006109917
2.507152  0.006096051
2.509031  0.006085163
2.512676  0.006064043
2.515316  0.006048746
2.516427  0.006042313
2.518987  0.006027479
2.520581  0.00601824
2.521095  0.006015263
2.526274  0.00598526
2.526334  0.00598491
2.527079  0.005980595
2.527868  0.005976024
2.531564  0.005954607
2.534975  0.005934841
2.538274  0.005915731
2.538895  0.005912129
2.541113  0.005899282
2.542265  0.005892607
2.54389  0.005883193
2.544541  0.005879419
2.546222  0.005869678
2.550261  0.005846277
2.556606  0.005809517
2.559136  0.005794857
2.559464  0.005792955
2.560436  0.005787323
2.56432  0.005764822
2.564429  0.005764189
2.566289  0.00575341
2.567162  0.005748351
2.569214  0.005736463
2.578418  0.005683138
2.578871  0.005680513
2.578989  0.005679828
2.57923  0.005678435
2.581279  0.005666561
2.581642  0.005664457
2.583557  0.005653365
2.583748  0.005652256
2.584305  0.005649027
2.586038  0.005638984
2.587244  0.005631997
2.588585  0.005624231
2.589401  0.0056195
2.592049  0.005604157
2.592239  0.00560306
2.592539  0.005601318
2.597141  0.005574658
2.597976  0.005569816
2.599459  0.005561227
2.600703  0.005554019
2.60147  0.005549574
2.602402  0.005544177
2.605206  0.005527931
2.605483  0.005526322
2.608959  0.005506186
2.609962  0.005500371
2.611468  0.005491649
2.614255  0.005472548
2.61447  0.005471002
2.614537  0.005470526
2.614618  0.005469946
2.617005  0.005452824
2.618288  0.005443617
2.621726  0.005418959
2.626449  0.005385085
2.628003  0.005373937
2.62855  0.005370017
2.630754  0.005354212
2.63117  0.005351229
2.631543  0.005348553
2.632823  0.005339371
2.633253  0.005336285
2.636299  0.005314439
2.636423  0.005313547
2.636914  0.005310029
2.640323  0.005285575
2.640611  0.005283509
2.640805  0.005282117
2.640975  0.005280897
2.642522  0.005269804
2.643351  0.005263859
2.643875  0.005260099
2.646612  0.005240472
2.658292  0.005156691
2.659182  0.00515031
2.660152  0.005143351
2.661374  0.005134593
2.661645  0.005132648
2.666082  0.005100819
2.666646  0.005096775
2.667444  0.005091054
2.669324  0.005077572
2.66936  0.005077311
2.669496  0.005076333
2.670038  0.005072444
2.673363  0.005048602
2.676555  0.005025703
2.676826  0.005023761
2.682512  0.004982979
2.683143  0.004978456
2.683549  0.004975541
2.68701  0.004950717
2.689173  0.0049352
2.692837  0.004908919
2.693055  0.004907359
2.693318  0.004905475
2.693686  0.004902835
2.694151  0.004899498
2.695554  0.004889437
2.698656  0.004867187
2.701085  0.004849767
2.701952  0.004843545
2.70218  0.00484191
2.705886  0.004815332
2.708194  0.004798776
2.709277  0.00479101
2.713247  0.004762531
2.716383  0.00474004
2.716586  0.004738584
2.721194  0.004705535
2.72237  0.004697096
2.722626  0.004695266
2.723083  0.004691983
2.726111  0.004670266
2.729404  0.004646649
2.730574  0.004638259
2.731669  0.004630401
2.73339  0.004618061
2.733733  0.004615602
2.735562  0.004602482
2.737948  0.004585367
2.743198  0.004547714
2.743261  0.004547259
2.74512  0.004533927
2.745426  0.004531734
2.749685  0.004501181
2.750365  0.004496304
2.754188  0.004469815
2.755305  0.004465016
2.757025  0.004457631
2.759744  0.004445956
2.759769  0.004445845
2.759958  0.004445035
2.763169  0.004431246
2.764374  0.004426071
2.768487  0.004408407
2.776007  0.004376116
2.776576  0.00437367
2.779335  0.004361822
2.7812  0.004353813
2.783525  0.004343833
2.784154  0.004341131
2.78996  0.004316195
2.795821  0.004291027
2.797902  0.00428209
2.798743  0.004278479
2.800179  0.004272311
2.804388  0.004254237
2.804426  0.004254073
2.808193  0.004237897
2.808945  0.004234668
2.81131  0.004224513
2.816819  0.004200853
2.818023  0.004195685
2.818181  0.004195004
2.818459  0.004193813
2.819499  0.004189347
2.819815  0.004187989
2.82017  0.004186466
2.820968  0.004183037
2.821185  0.004182107
2.823589  0.004171785
2.824932  0.004166014
2.825228  0.004164744
2.827132  0.004156568
2.834085  0.004126711
2.835851  0.004119124
2.836081  0.004118137
2.83919  0.004104786
2.841365  0.004095445
2.841921  0.004093058
2.844845  0.004080503
2.845527  0.004077574
2.85037  0.004056775
2.852041  0.004049602
2.854685  0.004038245
2.859242  0.004018677
2.859587  0.004017195
2.861115  0.004010634
2.862529  0.004004562
2.863109  0.004002071
2.866509  0.003987471
2.868799  0.003977636
2.869159  0.003976088
2.86927  0.003975613
2.873567  0.003957159
2.87664  0.003943963
2.879469  0.003931814
2.879644  0.003931066
2.880506  0.003927362
2.881715  0.003922169
2.882992  0.003916686
2.883661  0.003913812
2.884509  0.003910171
2.888042  0.003895001
2.889118  0.00389038
2.889875  0.003887127
2.890169  0.003885866
2.890714  0.003883527
2.891417  0.003880505
2.891591  0.003879758
2.896629  0.003858823
2.897256  0.003856563
2.897372  0.003856145
2.899191  0.003849589
2.901863  0.003839959
2.902525  0.003837573
2.903408  0.00383439
2.903966  0.003832378
2.909274  0.003813248
2.911455  0.003805387
2.914749  0.003793516
2.915254  0.003791693
2.916429  0.003787459
2.916462  0.003787341
2.928912  0.003742466
2.929152  0.003741603
2.930409  0.003737072
2.936579  0.003714835
2.937653  0.003710963
2.93772  0.003710723
2.94204  0.003695152
2.942896  0.003692067
2.947247  0.003676384
2.947273  0.003676292
2.949017  0.003670005
2.951757  0.00366013
2.954091  0.003651719
2.954996  0.003648457
2.955887  0.003645244
2.960343  0.003629184
2.960493  0.003628644
2.96164  0.00362451
2.964172  0.003615384
2.968916  0.003598287
2.972459  0.003585518
2.973135  0.00358308
2.976652  0.003570404
2.983994  0.003543941
2.985412  0.003538831
2.985436  0.003538743
2.986221  0.003535916
2.987223  0.003532306
3.001597  0.003480496
3.003329  0.003474255
3.003634  0.003473154
3.007624  0.003458774
3.008003  0.00345741
3.010399  0.003448775
3.010737  0.003447554
3.015968  0.003428703
3.017156  0.003424419
3.018273  0.003420394
3.020534  0.003412246
3.020722  0.003411567
3.027587  0.003386826
3.029934  0.003378365
3.030212  0.003377364
3.031668  0.003372115
3.031883  0.003371341
3.032874  0.00336777
3.033416  0.003365816
3.036036  0.003356373
3.036163  0.003355915
3.036812  0.003353575
3.036955  0.003353059
3.039664  0.003343296
3.04277  0.003332101
3.047934  0.003313492
3.051297  0.003301368
3.05136  0.003301141
3.051968  0.003298952
3.052741  0.003296165
3.055221  0.003287226
3.0557  0.003285501
3.056857  0.003281331
3.059622  0.003271366
3.064219  0.003254796
3.065941  0.003248588
3.067371  0.003243434
3.067566  0.003242734
3.068309  0.003240057
3.068376  0.003239815
3.069672  0.003235141
3.073653  0.003220795
3.074353  0.003218271
3.07579  0.003213094
3.080244  0.00319704
3.081444  0.003192714
3.084332  0.003182304
3.084624  0.003181253
3.089558  0.003163471
3.090817  0.003158933
3.093321  0.003149908
3.093385  0.003149676
3.096887  0.003137054
3.097009  0.003136614
3.098903  0.00312979
3.100575  0.003123761
3.100973  0.003122327
3.103702  0.003112492
3.106264  0.003103258
3.107345  0.003099363
3.108803  0.003094107
3.111858  0.003083098
3.113869  0.003075848
3.116792  0.003065312
3.119477  0.003055635
3.119726  0.003054738
3.120292  0.003052697
3.120536  0.003051818
3.122571  0.003044483
3.122712  0.003043978
3.123124  0.003042491
3.130257  0.003018041
3.130352  0.003017741
3.131067  0.0030155
3.133367  0.003008289
3.146579  0.002966869
3.151005  0.002952993
3.155576  0.002938662
3.155853  0.002937796
3.16431  0.00291128
3.16487  0.002909526
3.165713  0.002906884
3.166734  0.002903681
3.166852  0.002903313
3.168229  0.002898996
3.168269  0.002898868
3.170316  0.002892453
3.170468  0.002891976
3.173557  0.002882292
3.173686  0.002881887
3.174526  0.002879252
3.177725  0.002869225
3.17785  0.002868832
3.17949  0.002863692
3.181288  0.002858052
3.184111  0.002849205
3.18458  0.002847735
3.18686  0.002840585
3.191111  0.002827259
3.191364  0.002826464
3.191839  0.002824975
3.194296  0.002817272
3.203729  0.0027877
3.206481  0.002779073
3.207622  0.002775494
3.208047  0.002774163
3.214426  0.002754163
3.219431  0.002738472
3.219659  0.002737759
3.22011  0.002736343
3.221852  0.002730884
3.224611  0.002722232
3.228915  0.00270874
3.229716  0.002706228
3.231019  0.002702143
3.233065  0.002695729
3.233475  0.002694444
3.236011  0.002686494
3.237756  0.002681021
3.241003  0.002670842
3.246631  0.0026532
3.24694  0.002652229
3.248205  0.002648263
3.249644  0.002643753
3.252346  0.002635282
3.252943  0.002633409
3.260243  0.002610523
3.260419  0.002609972
3.261136  0.002607723
3.261339  0.002607087
3.262379  0.002603827
3.266163  0.002591965
3.273061  0.002570337
3.273482  0.00256902
3.274715  0.002565154
3.274853  0.002564721
3.275111  0.002563913
3.275473  0.002562776
3.276397  0.002559879
3.279902  0.002548893
3.28092  0.002545702
3.282028  0.002542228
3.287575  0.002524838
3.28818  0.00252294
3.28964  0.002518362
3.293725  0.002505555
3.295262  0.002500738
3.295718  0.002499306
3.300334  0.002484836
3.300679  0.002483754
3.305805  0.002467685
3.306069  0.002466855
3.306898  0.002464256
3.308361  0.002459671
3.30939  0.002456445
3.309549  0.002455948
3.312015  0.002448214
3.313165  0.002444609
3.318195  0.002428841
3.31979  0.00242384
3.32229  0.002416002
3.322994  0.002413794
3.323173  0.002413234
3.326391  0.002403146
3.329777  0.002392528
3.331519  0.002387067
3.332372  0.002384393
3.334753  0.00237693
3.336742  0.002370695
3.337396  0.002368645
3.337913  0.002367023
3.339891  0.002360821
3.339961  0.002360603
3.342561  0.002353782
3.342974  0.002352718
3.342996  0.002352663
3.343831  0.002350516
3.349658  0.002335541
3.350496  0.002333386
3.352851  0.002327333
3.353546  0.002325548
3.358478  0.00231287
3.366034  0.002293448
3.367708  0.002289147
3.371082  0.002280475
3.371388  0.002279688
3.37146  0.002279503
3.371665  0.002278977
3.371679  0.002278941
3.373366  0.002274604
3.373693  0.002273765
3.37872  0.002260843
3.385301  0.002243927
3.387497  0.002238282
3.393184  0.002223666
3.397667  0.002212145
3.397725  0.002211994
3.400313  0.002205343
3.400764  0.002204185
3.405772  0.002191312
3.407069  0.002187979
3.407672  0.002186429
3.409289  0.002182273
3.413904  0.002170409
3.415216  0.002167039
3.420218  0.002154181
3.420626  0.002153133
3.421225  0.002151594
3.422741  0.002147697
3.425471  0.00214068
3.427451  0.00213559
3.427562  0.002135306
3.428392  0.002133173
3.429327  0.002130768
3.431002  0.002126465
3.431953  0.002124019
3.432554  0.002122474
3.435107  0.002115913
3.436456  0.002112445
3.436831  0.002111482
3.437783  0.002109036
3.439027  0.002105838
3.439653  0.002104229
3.440255  0.002102681
3.441313  0.002099961
3.442169  0.002097761
3.444151  0.002092668
3.445251  0.00208984
3.445689  0.002088714
3.447468  0.002084141
3.447513  0.002084026
3.447551  0.002083929
3.449683  0.002078449
3.452953  0.002070043
3.455494  0.002063513
3.455743  0.002062873
3.456251  0.002061566
3.456624  0.002060609
3.458315  0.002056261
3.458721  0.00205522
3.459052  0.002054367
3.461778  0.002047361
3.461931  0.002046967
3.463128  0.002043891
3.472313  0.002020283
3.47507  0.002013197
3.477121  0.002007925
3.480104  0.002000259
3.480336  0.001999661
3.481193  0.001997459
3.482188  0.001994903
3.482975  0.001992879
3.48468  0.001988498
3.48525  0.001987033
3.487222  0.001981963
3.487316  0.001981722
3.488059  0.001979811
3.489734  0.001975507
3.489797  0.001975345
3.491883  0.001969983
3.49401  0.001964518
3.495671  0.001960248
3.496682  0.001957649
3.497027  0.001956761
3.504206  0.00193831
3.505337  0.001935404
3.505496  0.001934995
3.510654  0.001921736
3.514892  0.001910844
3.518179  0.001902396
3.519565  0.001898832
3.520742  0.001895809
3.523406  0.001888962
3.524595  0.001885904
3.526609  0.001880729
3.539151  0.001848491
3.539596  0.001847349
3.540246  0.001845678
3.54116  0.001843329
3.548097  0.001825499
3.549659  0.001821483
3.554233  0.001811071
3.558392  0.001804376
3.558819  0.001803688
3.56115  0.001799937
3.561282  0.001799724
3.561841  0.001798824
3.563065  0.001796854
3.563501  0.001796152
3.56542  0.001793063
3.566082  0.001791998
3.568329  0.00178838
3.570043  0.001785621
3.574272  0.001778815
3.575498  0.001776841
3.575769  0.001776405
3.580395  0.001768959
3.580446  0.001768876
3.581556  0.00176709
3.58166  0.001766922
3.583752  0.001763556
3.592161  0.00175002
3.592432  0.001749583
3.59315  0.001748427
3.593344  0.001748115
3.594221  0.001746704
3.594966  0.001745504
3.596422  0.00174316
3.598946  0.001739099
3.599137  0.001738791
3.600248  0.001737003
3.603461  0.00173183
3.605489  0.001728566
3.607764  0.001724904
3.608004  0.001724518
3.608579  0.001723592
3.609269  0.001722481
3.61639  0.001711019
3.617554  0.001709145
3.61871  0.001707284
3.62007  0.001705096
3.62043  0.001704516
3.622348  0.001701428
3.622526  0.001701142
3.624438  0.001698065
3.627841  0.001692587
3.630236  0.001688732
3.630675  0.001688025
3.632339  0.001685346
3.636688  0.001678346
3.64012  0.001672823
3.640669  0.001671938
3.641385  0.001670785
3.643275  0.001667743
3.644357  0.001666002
3.648538  0.001659272
3.649074  0.001658409
3.651752  0.001654099
3.652285  0.00165324
3.654488  0.001649694
3.658485  0.00164326
3.658729  0.001642867
3.659437  0.001641728
3.662079  0.001637475
3.665139  0.00163255
3.669126  0.001626133
3.671732  0.001621938
3.673305  0.001619405
3.675735  0.001615494
3.678482  0.001611072
3.678621  0.001610849
3.678994  0.001610249
3.680118  0.001608439
3.682222  0.001605051
3.682572  0.001604489
3.686833  0.00159763
3.688934  0.001594248
3.691679  0.00158983
3.696872  0.001581471
3.697574  0.001580341
3.700003  0.001576431
3.70566  0.001567325
3.710791  0.001559065
3.714087  0.00155376
3.715552  0.001551402
3.715723  0.001551127
3.716752  0.00154947
3.718937  0.001545953
3.720142  0.001544014
3.723697  0.001538293
3.731462  0.001525792
3.732249  0.001524526
3.733275  0.001522875
3.73398  0.00152174
3.734282  0.001521254
3.73518  0.001519808
3.735305  0.001519606
3.736623  0.001517485
3.738011  0.001515251
3.740505  0.001511236
3.740825  0.001510721
3.743787  0.001505954
3.74525  0.0015036
3.747025  0.001500742
3.747583  0.001499843
3.750595  0.001494995
3.752008  0.001492721
3.752839  0.001491383
3.752945  0.001491212
3.752976  0.001491163
3.75316  0.001490867
3.759304  0.001480977
3.760137  0.001479637
3.762614  0.001475649
3.764335  0.001472878
3.765343  0.001471256
3.765466  0.001471059
3.765678  0.001470717
3.765697  0.001470686
3.768338  0.001466436
3.768448  0.001466258
3.768606  0.001466004
3.769299  0.001464889
3.769968  0.001463812
3.775912  0.001454245
3.776491  0.001453312
3.777991  0.001450898
3.78627  0.00143757
3.788129  0.001434604
3.788481  0.001434115
3.788936  0.001433483
3.789449  0.001432771
3.79358  0.001427031
3.796324  0.001423219
3.796676  0.001422731
3.796699  0.001422699
3.796988  0.001422297
3.797721  0.001421279
3.798676  0.001419953
3.799225  0.001419189
3.801331  0.001416265
3.802553  0.001414568
3.802605  0.001414495
3.802883  0.001414108
3.803284  0.001413551
3.803732  0.001412929
3.804187  0.001412298
3.805289  0.001410766
3.807637  0.001407505
3.807751  0.001407347
3.807776  0.001407312
3.814048  0.001398599
3.814384  0.001398133
3.81535  0.001396791
3.817001  0.001394497
3.819173  0.001391479
3.823621  0.001385301
3.824475  0.001384115
3.824494  0.001384088
3.825375  0.001382865
3.825946  0.001382071
3.826804  0.001380879
3.827483  0.001379936
3.828924  0.001377934
3.832018  0.001373637
3.83266  0.001372745
3.832714  0.00137267
3.834666  0.001369959
3.835197  0.001369221
3.836912  0.001366839
3.838206  0.001365041
3.843367  0.001357872
3.844748  0.001355954
3.847813  0.001351696
3.848588  0.001350619
3.853651  0.001343586
3.853751  0.001343448
3.853951  0.00134317
3.855021  0.001341683
3.855541  0.00134096
3.858901  0.001336293
3.859546  0.001335397
3.862297  0.001331576
3.864723  0.001328206
3.864977  0.001327852
3.865656  0.00132691
3.866588  0.001325615
3.867471  0.001324389
3.867693  0.001324079
3.871786  0.001318394
3.873051  0.001316637
3.873648  0.001315807
3.875399  0.001313375
3.877581  0.001310344
3.879163  0.001308147
3.88075  0.001305942
3.880833  0.001305827
3.883015  0.001302795
3.883967  0.001301473
3.887697  0.001296293
3.88837  0.001295357
3.889288  0.001294082
3.899684  0.001279641
3.90065  0.001278299
3.901017  0.001277789
3.905494  0.00127157
3.906055  0.001270791
3.907156  0.001269261
3.912631  0.001261656
3.918248  0.001253854
3.920923  0.001250137
3.921694  0.001249067
3.929163  0.001238691
3.93031  0.001237098
3.932401  0.001234193
3.933301  0.001232942
3.937029  0.001227764
3.939315  0.001224589
3.939908  0.001223765
3.940353  0.001223146
3.943142  0.001219272
3.94969  0.001211379
3.950227  0.001210803
3.951707  0.001209214
3.952343  0.001208532
3.953098  0.001207721
3.957043  0.001203485
3.957487  0.001203008
3.958428  0.001201998
3.959924  0.001200392
3.962174  0.001197976
3.962406  0.001197727
3.963131  0.001196949
3.963509  0.001196543
3.963642  0.001196399
3.964107  0.001195901
3.964696  0.001195269
3.964838  0.001195116
3.965528  0.001194375
3.967298  0.001192474
3.967716  0.001192026
3.973099  0.001186246
3.974999  0.001184206
3.976652  0.001182431
3.983292  0.001175302
3.983524  0.001175054
3.984514  0.00117399
3.984934  0.001173539
3.990118  0.001167973
3.991145  0.001166871
3.992631  0.001165275
3.992897  0.00116499
3.995144  0.001162577
4.002879  0.001154273
4.003526  0.001153578
4.005647  0.001151301
4.007318  0.001149506
4.008755  0.001147964
4.01705  0.001139057
4.018626  0.001137365
4.019037  0.001136924
4.020537  0.001135314
4.022601  0.001133098
4.0238  0.00113181
4.025248  0.001130255
4.026297  0.001129129
4.026694  0.001128703
4.027655  0.001127671
4.028457  0.00112681
4.029543  0.001125644
4.035297  0.001119466
4.035371  0.001119387
4.0408  0.001113558
4.041784  0.001112502
4.042611  0.001111613
4.043808  0.001110328
4.044565  0.001109515
4.051584  0.001101979
4.051599  0.001101964
4.051613  0.001101948
4.054452  0.0010989
4.054487  0.001098862
4.056839  0.001096338
4.059191  0.001093812
4.061906  0.001090897
4.064611  0.001087993
4.067499  0.001084892
4.068277  0.001084056
4.068493  0.001083824
4.068714  0.001083588
4.070792  0.001081356
4.074625  0.001077241
4.075873  0.001075901
4.076075  0.001075684
4.076553  0.001075171
4.082326  0.001068973
4.082897  0.001068359
4.083661  0.00106754
4.086828  0.001064139
4.09016  0.001060562
4.094938  0.001055431
4.098559  0.001051544
4.100708  0.001049237
4.102102  0.00104774
4.104056  0.001045642
4.106187  0.001043354
4.110154  0.001039095
4.110674  0.001038536
4.113079  0.001035954
4.113243  0.001035778
4.114551  0.001034374
4.114874  0.001034027
4.119242  0.001029337
4.124229  0.001023983
4.125467  0.001022653
4.133557  0.001013968
4.139111  0.001008005
4.14139  0.001005557
4.14368  0.001003099
4.151765  0.0009944188
4.15652  0.0009893128
4.156682  0.0009891398
4.156954  0.0009888477
4.157751  0.0009879916
4.159332  0.0009862944
4.160869  0.000984644
4.163955  0.0009813306
4.165607  0.0009795572
4.170435  0.0009743728
4.175921  0.0009684825
4.180574  0.0009645298
4.182271  0.0009633538
4.185683  0.0009609888
4.187276  0.0009598847
4.188197  0.0009592462
4.189718  0.0009581924
4.190954  0.0009573356
4.192282  0.000956415
4.192845  0.0009560246
4.194391  0.0009549535
4.194556  0.0009548391
4.195455  0.0009542156
4.196971  0.0009531653
4.197015  0.000953135
4.198745  0.0009519359
4.201873  0.0009497679
4.203487  0.0009486493
4.204597  0.0009478799
4.20476  0.0009477671
4.208059  0.0009454802
4.208428  0.0009452247
4.208554  0.0009451372
4.212264  0.0009425658
4.212629  0.000942313
4.216103  0.0009399052
4.216419  0.0009396863
4.217898  0.0009386612
4.217976  0.0009386073
4.221374  0.0009362521
4.221445  0.0009362026
4.222035  0.0009357935
4.224318  0.0009342113
4.226069  0.0009329977
4.227016  0.0009323412
4.229692  0.0009304868
4.230268  0.0009300876
4.230949  0.0009296156
4.232409  0.0009286033
4.233287  0.0009279951
4.234159  0.0009273908
4.235771  0.0009262734
4.235929  0.0009261638
4.236723  0.0009256137
4.238861  0.0009241317
4.238987  0.0009240446
4.240442  0.0009230359
4.240792  0.0009227932
4.244003  0.0009205682
4.245392  0.0009196053
4.245791  0.0009193289
4.247122  0.0009184064
4.249007  0.0009170997
4.249689  0.0009166275
4.256233  0.0009120915
4.257003  0.0009115579
4.262544  0.0009077173
4.26287  0.0009074914
4.263937  0.000906752
4.264052  0.0009066725
4.267485  0.0009042928
4.269632  0.0009028054
4.269654  0.0009027899
4.271574  0.000901459
4.27207  0.0009011156
4.273573  0.0009000733
4.273631  0.0009000335
4.27493  0.0008991329
4.275459  0.0008987666
4.281008  0.0008949206
4.284159  0.0008927363
4.285324  0.0008919294
4.287949  0.0008901095
4.290501  0.0008883411
4.292822  0.0008867326
4.298599  0.0008827285
4.299632  0.0008820126
4.300432  0.0008814579
4.302233  0.0008802096
4.302669  0.0008799073
4.303019  0.0008796649
4.30573  0.0008777859
4.307451  0.0008765933
4.307657  0.0008764504
4.30775  0.0008763863
4.309463  0.0008751989
4.309756  0.0008749956
4.311968  0.0008734625
4.315943  0.0008707079
4.316061  0.000870626
4.316745  0.0008701517
4.320414  0.0008676089
4.322901  0.0008658849
4.325268  0.0008642448
4.326652  0.0008632853
4.328028  0.000862332
4.328761  0.0008618235
4.33048  0.0008606325
4.334888  0.000857577
4.335195  0.0008573647
4.336272  0.0008566179
4.336591  0.0008563966
4.336965  0.0008561373
4.337172  0.0008559944
4.338353  0.0008551758
4.343171  0.000851836
4.343405  0.0008516742
4.345104  0.0008504964
4.345181  0.0008504433
4.345398  0.0008502929
4.345849  0.0008499802
4.349799  0.0008472424
4.354769  0.0008437977
4.359062  0.0008408225
4.360078  0.0008401186
4.360781  0.0008396313
4.361567  0.0008390861
4.363442  0.0008377869
4.364536  0.0008370289
4.364935  0.000836752
4.369866  0.0008333348
4.371059  0.0008325077
4.379178  0.0008268807
4.381636  0.000825177
4.382231  0.0008247644
4.384481  0.0008232051
4.388031  0.000820745
4.388117  0.0008206853
4.394865  0.0008160082
4.397656  0.0008140739
4.398461  0.000813516
4.401918  0.0008111201
4.403131  0.0008102788
4.404973  0.0008090026
4.406547  0.0008079115
4.409416  0.000805923
4.409743  0.0008056964
4.410116  0.0008054376
4.410651  0.0008050671
4.411003  0.0008048235
4.412492  0.0008037911
4.414154  0.000802639
4.414274  0.000802556
4.416457  0.0008010433
4.418203  0.0007998328
4.426242  0.000794261
4.429253  0.0007921742
4.430425  0.0007913618
4.431124  0.0007908777
4.432636  0.0007898297
4.436811  0.000786936
4.437345  0.0007865662
4.438337  0.0007858784
4.439468  0.0007850947
4.443122  0.0007825622
4.443695  0.0007821651
4.444353  0.0007817085
4.448468  0.0007788568
4.450963  0.0007771278
4.452075  0.0007763571
4.453725  0.0007752134
4.454169  0.0007749056
4.454213  0.0007748751
4.466335  0.000765309
4.470904  0.0007614956
4.47289  0.0007598373
4.475023  0.0007580572
4.477457  0.000756025
4.480002  0.0007539006
4.486427  0.0007485372
4.488378  0.000746909
4.489165  0.0007462519
4.489415  0.0007460433
4.489773  0.0007457446
4.489991  0.0007455624
4.498378  0.0007385608
4.49839  0.000738551
4.500391  0.0007368808
4.500903  0.0007364535
4.501035  0.0007363428
4.502945  0.0007347491
4.50435  0.0007335757
4.504376  0.0007335542
4.505244  0.0007328294
4.509411  0.0007293515
4.510001  0.0007288589
4.511594  0.0007275292
4.515857  0.0007239703
4.516342  0.0007235653
4.518568  0.0007217072
4.522048  0.0007188026
4.524775  0.0007165263
4.52529  0.0007160957
4.526828  0.0007148119
4.52826  0.0007136168
4.528716  0.0007132362
4.531549  0.0007108715
4.532788  0.0007098367
4.532985  0.0007096723
4.533524  0.0007092229
4.53359  0.0007091673
4.533944  0.0007088718
4.53478  0.0007081741
4.536686  0.000706583
4.536999  0.0007063216
4.539021  0.000704634
4.539425  0.000704297
4.540748  0.0007031922
4.541006  0.0007029765
4.541582  0.0007024959
4.545916  0.0006988782
4.546828  0.000698117
4.547149  0.0006978489
4.551759  0.0006940009
4.555777  0.0006906463
4.556094  0.0006903824
4.556432  0.0006901001
4.55725  0.000689417
4.557258  0.0006894107
4.563939  0.0006838333
4.564946  0.0006829928
4.565527  0.0006825073
4.570998  0.0006779407
4.573478  0.0006758706
4.575202  0.0006744311
4.57557  0.000674124
4.576999  0.0006729316
4.578455  0.0006717159
4.578732  0.0006714848
4.579879  0.0006705273
4.583469  0.0006675302
4.589812  0.0006622351
4.590862  0.0006613594
4.593617  0.0006590594
4.593733  0.0006589624
4.594708  0.0006581482
4.600505  0.0006533093
4.602804  0.0006513902
4.602855  0.0006513476
4.604322  0.0006501235
4.607235  0.0006476915
4.610179  0.0006452341
4.611091  0.0006444725
4.611265  0.0006443271
4.612465  0.0006433253
4.613504  0.0006424584
4.614535  0.0006415974
4.615868  0.0006404846
4.616366  0.0006400695
4.617878  0.0006388072
4.619619  0.0006373541
4.62314  0.0006344149
4.625469  0.00063247
4.625472  0.0006324675
4.626516  0.0006315968
4.627103  0.000631106
4.62868  0.0006297901
4.630659  0.0006281381
4.632063  0.0006269664
4.635086  0.0006244426
4.636713  0.000623084
4.638026  0.0006219883
4.638982  0.0006211907
4.639458  0.0006207928
4.644222  0.0006168163
4.649582  0.0006123419
4.649876  0.0006120967
4.654461  0.0006082688
4.658694  0.0006047354
4.66039  0.0006033194
4.660867  0.0006029219
4.666909  0.000597878
4.669876  0.0005954011
4.671339  0.0005941797
4.674158  0.0005918264
4.675979  0.0005903066
4.676158  0.0005901574
4.677831  0.000588761
4.678917  0.0005878541
4.680523  0.0005865136
4.680839  0.0005862495
4.684753  0.0005829822
4.685547  0.0005823193
4.685859  0.0005820591
4.688189  0.0005801144
4.689252  0.0005792272
4.689396  0.0005791069
4.694377  0.000574949
4.698804  0.0005712534
4.699233  0.0005708948
4.700548  0.0005697975
4.704328  0.0005666416
4.706271  0.0005650553
4.706426  0.0005649903
4.711343  0.000562919
4.711991  0.0005626459
4.717402  0.000560367
4.719224  0.0005595995
4.724047  0.0005575682
4.725313  0.0005570349
4.725646  0.0005568944
4.72778  0.0005559957
4.727852  0.0005559653
4.730029  0.0005550483
4.730465  0.0005548648
4.732149  0.0005541556
4.732551  0.000553986
4.733552  0.0005535643
4.73526  0.0005528453
4.739127  0.0005512164
4.739332  0.00055113
4.742892  0.0005496306
4.745177  0.0005486679
4.745741  0.0005484307
4.748596  0.0005472281
4.74867  0.0005471969
4.750369  0.0005464811
4.752575  0.0005455519
4.7527  0.0005454992
4.752862  0.0005454312
4.753813  0.0005450304
4.757063  0.0005436619
4.757987  0.0005432724
4.75825  0.0005431617
4.759546  0.0005426159
4.761354  0.0005418545
4.762193  0.0005415007
4.765007  0.0005403157
4.766175  0.0005398235
4.771419  0.0005376148
4.772526  0.0005371487
4.772568  0.0005371311
4.77543  0.0005359256
4.775927  0.000535716
4.778914  0.0005344579
4.788303  0.0005305032
4.791012  0.0005293624
4.793649  0.0005282515
4.796648  0.0005269885
4.798189  0.0005263394
4.80228  0.000524616
4.803438  0.0005241285
4.809076  0.0005217536
4.815187  0.0005191796
4.817594  0.000518166
4.818226  0.0005178998
4.819237  0.0005174738
4.820415  0.0005169779
4.823158  0.0005158223
4.826915  0.00051424
4.829164  0.0005132927
4.8316  0.0005122665
4.837075  0.0005099607
4.839181  0.0005090733
4.843935  0.0005070712
4.844369  0.0005068883
4.846552  0.0005059686
4.847096  0.0005057398
4.848676  0.0005050741
4.849097  0.0005048967
4.850605  0.0005042619
4.853636  0.0005029849
4.854988  0.0005024156
4.855171  0.0005023386
4.856628  0.0005017247
4.857196  0.0005014856
4.858019  0.000501139
4.858396  0.0005009802
4.858459  0.0005009534
4.858928  0.000500756
4.861351  0.0004997355
4.861806  0.0004995437
4.862256  0.0004993542
4.86317  0.0004989691
4.865071  0.0004981687
4.865312  0.000498067
4.866281  0.0004976587
4.871087  0.0004956347
4.872069  0.0004952209
4.875062  0.0004939604
4.877064  0.0004931171
4.878893  0.0004923467
4.879294  0.0004921778
4.880519  0.0004916617
4.883603  0.000490363
4.885962  0.0004893691
4.891493  0.0004870395
4.891515  0.0004870304
4.902262  0.0004825038
4.90287  0.0004822476
4.903288  0.0004820715
4.905038  0.0004813343
4.906538  0.0004807028
4.909676  0.000479381
4.91182  0.0004784778
4.912931  0.0004780097
4.913343  0.0004778361
4.9139  0.0004776018
4.91887  0.0004755084
4.919757  0.0004751348
4.920882  0.0004746607
4.926276  0.0004723889
4.928472  0.0004714638
4.929414  0.0004710673
4.929896  0.0004708641
4.930619  0.0004705597
4.931031  0.000470386
4.933721  0.000469253
4.935796  0.000468379
4.93703  0.0004678595
4.939958  0.000466626
4.942092  0.0004657274
4.942652  0.0004654915
4.946009  0.0004640775
4.948475  0.0004630386
4.951264  0.0004618641
4.95244  0.0004613688
4.953416  0.0004609576
4.955739  0.000459979
4.957606  0.0004591926
4.957893  0.0004590719
4.957957  0.0004590449
4.960145  0.000458123
4.960351  0.0004580364
4.96161  0.0004575062
4.967478  0.0004550347
4.968143  0.0004547546
4.968807  0.0004544749
4.971516  0.0004533336
4.972238  0.0004530296
4.974854  0.0004519276
4.976214  0.0004513551
4.976242  0.000451343
4.976758  0.000451126
4.977537  0.0004507976
4.979632  0.0004499153
4.980656  0.0004494841
4.983047  0.0004484768
4.984567  0.0004478366
4.985286  0.000447534
4.992426  0.0004445266
4.99313  0.0004442298
4.99569  0.0004431517
4.995768  0.0004431189
4.997843  0.0004422447
4.997905  0.0004422185
4.999206  0.0004416705
4.999384  0.0004415958
5.001388  0.0004407517
5.003591  0.0004398237
5.003821  0.0004397268
5.004356  0.0004395013
5.005096  0.0004391898
5.008069  0.0004379375
5.009974  0.000437135
5.011218  0.0004366114
5.013819  0.0004355156
5.016932  0.0004342043
5.017295  0.0004340514
5.019615  0.0004330742
5.022524  0.0004319272
5.025322  0.0004311023
5.032366  0.0004290262
5.040108  0.0004267442
5.040534  0.0004266187
5.040997  0.0004264822
5.041587  0.0004263085
5.043171  0.0004258416
5.043939  0.000425615
5.047966  0.0004244281
5.048229  0.0004243508
5.049582  0.000423952
5.050642  0.0004236395
5.052273  0.0004231588
5.053769  0.0004227178
5.056527  0.0004219048
5.056624  0.0004218764
5.060937  0.0004206049
5.062531  0.0004201352
5.067558  0.0004186536
5.06813  0.0004184848
5.068777  0.0004182942
5.069462  0.0004180922
5.07241  0.0004172233
5.073031  0.0004170402
5.074287  0.0004166703
5.077556  0.0004157067
5.080773  0.0004147584
5.084961  0.0004135241
5.087011  0.0004129197
5.08782  0.0004126813
5.088061  0.0004126102
5.088168  0.0004125789
5.088369  0.0004125194
5.089164  0.0004122852
5.09112  0.0004117085
5.091145  0.0004117012
5.095591  0.000410391
5.09661  0.0004100906
5.096703  0.0004100632
5.097078  0.0004099527
5.10161  0.0004086169
5.102933  0.0004082268
5.107259  0.0004069519
5.10775  0.0004068072
5.10794  0.000406751
5.109143  0.0004063964
5.114444  0.0004048339
5.114676  0.0004047655
5.116667  0.0004041788
5.116785  0.000404144
5.117216  0.0004040169
5.120476  0.0004030561
5.122369  0.000402498
5.127084  0.0004011084
5.127653  0.0004009406
5.135802  0.0003985389
5.137029  0.0003981772
5.138076  0.0003978685
5.138878  0.0003976321
5.139512  0.0003974453
5.140258  0.0003972254
5.142827  0.0003964682
5.144918  0.000395852
5.148128  0.0003949056
5.149459  0.0003945135
5.151041  0.0003940471
5.154112  0.0003931421
5.157739  0.0003920728
5.159244  0.0003916292
5.160896  0.0003911424
5.160914  0.000391137
5.164259  0.0003901513
5.167875  0.0003890855
5.168927  0.0003887753
5.169624  0.0003885697
5.169893  0.0003884906
5.175629  0.0003868
5.176453  0.0003865571
5.179791  0.0003855732
5.182168  0.0003848726
5.183077  0.0003846047
5.183825  0.0003843841
5.185659  0.0003838435
5.185856  0.0003837855
5.188945  0.0003828752
5.189466  0.0003827214
5.189534  0.0003827014
5.190208  0.0003825029
5.191497  0.000382123
5.19236  0.0003818684
5.192607  0.0003817957
5.198054  0.0003801902
5.201412  0.0003792005
5.205132  0.000378104
5.205645  0.0003779529
5.207589  0.0003773798
5.208606  0.0003770799
5.208708  0.0003770501
5.208945  0.00037698
5.210314  0.0003765765
5.210481  0.0003765273
5.211113  0.0003763412
5.211959  0.0003760918
5.212055  0.0003760634
5.212063  0.0003760613
5.218045  0.0003742979
5.218895  0.0003740474
5.218964  0.0003740271
5.221018  0.0003734216
5.226928  0.0003716797
5.226982  0.0003716638
5.229327  0.0003709725
5.229493  0.0003709237
5.22975  0.0003708479
5.233857  0.0003696375
5.236833  0.0003687601
5.236889  0.0003687436
5.239111  0.0003680889
5.239241  0.0003680506
5.241863  0.0003672777
5.242265  0.0003671591
5.242605  0.0003670591
5.244406  0.0003665281
5.247447  0.0003656319
5.251005  0.0003645832
5.253579  0.0003638245
5.255145  0.0003633628
5.259959  0.0003619438
5.261001  0.0003616368
5.261594  0.000361462
5.26942  0.0003591554
5.269851  0.0003590283
5.2701  0.0003589373
5.271689  0.0003582466
5.271885  0.0003581616
5.272771  0.0003577764
5.274923  0.0003568414
5.280318  0.0003544972
5.282192  0.0003536827
5.28335  0.0003531796
5.286147  0.0003519638
5.287969  0.0003511722
5.290811  0.0003499371
5.290932  0.0003498845
5.293406  0.0003488093
5.293851  0.0003486162
5.29525  0.0003480083
5.299393  0.0003462076
5.301664  0.000345221
5.307164  0.000342831
5.307638  0.0003426247
5.307712  0.0003425926
5.307724  0.0003425874
5.309598  0.0003417731
5.312814  0.0003403758
5.314467  0.0003396571
5.322825  0.0003360251
5.325693  0.000334779
5.330416  0.0003327266
5.331888  0.0003320867
5.332336  0.0003318921
5.33298  0.0003316122
5.335155  0.000330667
5.339599  0.0003287361
5.340181  0.0003284829
5.34136  0.0003279705
5.341395  0.0003279555
5.34692  0.0003255543
5.347032  0.0003255057
5.348308  0.0003249515
5.349396  0.0003244786
5.350053  0.0003241931
5.353787  0.0003225704
5.358471  0.0003205347
5.36259  0.0003187448
5.364362  0.0003179751
5.365515  0.0003174739
5.367628  0.0003165555
5.368555  0.0003161527
5.369498  0.0003157431
5.370249  0.0003154165
5.372438  0.0003144655
5.372837  0.0003142919
5.372872  0.0003142767
5.374237  0.0003136838
5.376288  0.0003127924
5.378027  0.0003120365
5.383276  0.0003097556
5.38332  0.0003097366
5.383539  0.0003096415
5.386487  0.0003083604
5.386708  0.0003082644
5.389453  0.0003070714
5.389719  0.0003069556
5.38995  0.0003068553
5.391601  0.0003061379
5.398596  0.0003030982
5.401422  0.0003018701
5.402561  0.000301375
5.407357  0.0002992912
5.407666  0.0002991569
5.409188  0.0002984953
5.410525  0.0002979143
5.414015  0.0002963979
5.416632  0.0002952606
5.418299  0.0002945362
5.418981  0.0002942398
5.419049  0.00029421
5.419238  0.0002941283
5.421673  0.0002930701
5.422448  0.0002927331
5.423102  0.0002924488
5.423594  0.000292235
5.424078  0.0002920248
5.425705  0.0002913177
5.42658  0.0002909375
5.428594  0.0002900624
5.43434  0.0002875652
5.436508  0.0002866233
5.436802  0.0002864956
5.436898  0.0002864539
5.437649  0.0002861273
5.437783  0.0002860694
5.441066  0.0002846425
5.441528  0.0002844419
5.44503  0.00028292
5.446997  0.000282065
5.448063  0.0002816018
5.450889  0.0002803738
5.45442  0.0002788395
5.456355  0.0002779987
5.456647  0.0002778718
5.463204  0.0002750223
5.466667  0.0002735175
5.467127  0.0002733177
5.468416  0.0002727575
5.471029  0.0002716216
5.474288  0.0002702056
5.475768  0.0002695626
5.476486  0.0002692503
5.478984  0.0002681651
5.481747  0.0002669642
5.482583  0.0002666011
5.489602  0.0002655022
5.490072  0.0002654289
5.49243  0.0002650616
5.493414  0.0002649083
5.4964  0.0002644433
5.496844  0.0002643741
5.498053  0.0002641858
5.500327  0.0002638316
5.500419  0.0002638173
5.500432  0.0002638153
5.501664  0.0002636234
5.501766  0.0002636074
5.50216  0.0002635461
5.503866  0.0002632804
5.503963  0.0002632653
5.506516  0.0002628677
5.506805  0.0002628227
5.508081  0.000262624
5.509465  0.0002624083
5.509634  0.000262382
5.510396  0.0002622634
5.510468  0.0002622521
5.513229  0.0002618221
5.516068  0.0002613798
5.516143  0.0002613683
5.524889  0.0002600059
5.526725  0.00025972
5.52923  0.0002593298
5.530333  0.000259158
5.532746  0.0002587822
5.53365  0.0002586414
5.53622  0.0002582412
5.536651  0.0002581739
5.536962  0.0002581256
5.544286  0.0002569848
5.544775  0.0002569087
5.546898  0.0002565779
5.547322  0.0002565119
5.551223  0.0002559044
5.555499  0.0002552384
5.55863  0.0002547507
5.559516  0.0002546127
5.562437  0.0002541577
5.566567  0.0002535145
5.566621  0.000253506
5.567613  0.0002533515
5.568742  0.0002531757
5.568927  0.0002531469
5.572258  0.000252628
5.574273  0.0002523142
5.575347  0.0002521469
5.576554  0.000251959
5.580146  0.0002513994
5.582846  0.0002509789
5.586058  0.0002504787
5.586298  0.0002504412
5.586946  0.0002503403
5.589378  0.0002499615
5.589851  0.0002498879
5.590831  0.0002497352
5.593324  0.0002493469
5.594678  0.000249136
5.596284  0.0002488858
5.599376  0.0002484044
5.59975  0.0002483461
5.601341  0.0002480982
5.603612  0.0002477445
5.606479  0.0002472979
5.611579  0.0002465036
5.61248  0.0002463632
5.614623  0.0002460296
5.615967  0.0002458201
5.619811  0.0002452214
5.62089  0.0002450534
5.620911  0.0002450501
5.621166  0.0002450104
5.626311  0.000244209
5.62901  0.0002437887
5.630032  0.0002436295
5.631223  0.000243444
5.632204  0.0002432912
5.632425  0.0002432568
5.632993  0.0002431683
5.634038  0.0002430055
5.635774  0.0002427352
5.636214  0.0002426666
5.637747  0.0002424279
5.639928  0.0002420881
5.642309  0.0002417172
5.64938  0.0002406159
5.649482  0.0002406001
5.650918  0.0002403764
5.652427  0.0002401413
5.655858  0.0002396069
5.657105  0.0002394127
5.667509  0.0002377922
5.668518  0.000237635
5.672828  0.0002369638
5.676793  0.0002363463
5.680924  0.0002357029
5.687772  0.0002346362
5.690763  0.0002341704
5.692251  0.0002339386
5.695942  0.0002333636
5.700509  0.0002326523
5.704048  0.0002321012
5.70421  0.0002320759
5.704275  0.0002320657
5.704709  0.0002319982
5.70703  0.0002316368
5.707759  0.0002315231
5.708207  0.0002314534
5.710778  0.0002310529
5.711471  0.000230945
5.712068  0.0002308521
5.712832  0.0002307329
5.718033  0.0002299229
5.722969  0.000229154
5.72313  0.0002291291
5.724585  0.0002289024
5.724916  0.0002288509
5.72515  0.0002288144
5.727451  0.000228456
5.73326  0.0002275513
5.735143  0.000227258
5.739689  0.0002263634
5.750847  0.0002238172
5.75579  0.0002226894
5.756959  0.0002224226
5.760334  0.0002216524
5.76067  0.0002215758
5.763353  0.0002209637
5.76422  0.0002207659
5.7649  0.0002206106
5.771821  0.0002190313
5.772321  0.0002189172
5.774438  0.0002184343
5.776538  0.0002179551
5.777138  0.000217818
5.778844  0.0002174287
5.778866  0.0002174238
5.783387  0.0002163921
5.786916  0.0002155869
5.787469  0.0002154607
5.789522  0.0002149924
5.79026  0.0002148239
5.790276  0.0002148204
5.790821  0.0002146959
5.791447  0.0002145531
5.792451  0.000214324
5.794568  0.000213841
5.795368  0.0002136584
5.795876  0.0002135424
5.801118  0.0002123462
5.80803  0.0002107692
5.81509  0.0002091581
5.817936  0.0002085087
5.822494  0.0002074687
5.82571  0.0002067348
5.832554  0.000205173
5.832742  0.0002051302
5.8328  0.0002051171
5.835402  0.0002045233
5.836273  0.0002043245
5.83664  0.0002042409
5.838483  0.0002038203
5.838703  0.00020377
5.839608  0.0002035636
5.843537  0.000202667
5.849514  0.0002013032
5.852735  0.0002005681
5.852817  0.0002005495
5.852827  0.0002005471
5.854533  0.000200158
5.857795  0.0001994136
5.861131  0.0001986524
5.861663  0.0001985309
5.862967  0.0001982335
5.86646  0.0001974364
5.867866  0.0001971156
5.868319  0.0001970122
5.87131  0.0001963296
5.871651  0.0001962519
5.872509  0.0001960562
5.873824  0.0001957561
5.874789  0.0001955359
5.877356  0.0001949502
5.877587  0.0001948974
5.877832  0.0001948416
5.877871  0.0001948325
5.878026  0.0001947971
5.878169  0.0001947647
5.883776  0.0001934851
5.883785  0.0001934831
5.884761  0.0001932605
5.88647  0.0001928704
5.886579  0.0001928455
5.893069  0.0001913648
5.895384  0.0001908365
5.895388  0.0001908355
5.896111  0.0001906705
5.89918  0.0001899703
5.90316  0.0001890622
5.904631  0.0001887263
5.905075  0.0001886252
5.909764  0.0001875551
5.910195  0.0001874568
5.912143  0.0001870123
5.912635  0.0001868999
5.912824  0.000186857
5.914674  0.0001864347
5.915518  0.0001862422
5.917417  0.0001858088
5.923979  0.0001843116
5.924988  0.0001840814
5.92548  0.000183969
5.927685  0.0001834659
5.92902  0.0001831613
5.930215  0.0001828887
5.930811  0.0001827526
5.933718  0.0001820893
5.937648  0.0001811925
5.939193  0.00018084
5.939363  0.0001808011
5.939602  0.0001807467
5.945559  0.0001793875
5.946932  0.000179074
5.948545  0.000178706
5.949011  0.0001785998
5.949608  0.0001784634
5.95151  0.0001780294
5.954391  0.0001773721
5.960769  0.000176168
5.961247  0.0001760853
5.963135  0.0001757579
5.964364  0.0001755449
5.967648  0.0001749756
5.968398  0.0001748456
5.968721  0.0001747896
5.96896  0.0001747482
5.971973  0.000174226
5.972814  0.0001740801
5.980294  0.0001727836
5.98056  0.0001727374
5.981004  0.0001726604
5.98143  0.0001725867
5.984144  0.0001721162
5.985447  0.0001718904
5.989742  0.0001711459
5.993249  0.0001705379
5.997329  0.0001698307
6.001609  0.0001690888
6.003282  0.0001687988
6.00535  0.0001684403
6.005949  0.0001683366
6.006015  0.0001683251
6.008681  0.0001678629
6.009679  0.0001676899
6.01184  0.0001673154
6.012847  0.0001671409
6.012973  0.0001671189
6.015054  0.0001667583
6.015107  0.000166749
6.016413  0.0001665227
6.020778  0.0001657661
6.021168  0.0001656984
6.021378  0.000165662
6.022921  0.0001653945
6.027279  0.0001646392
6.029731  0.0001642142
6.030174  0.0001641374
6.03139  0.0001639266
6.034683  0.0001633558
6.03592  0.0001631413
6.043607  0.0001618088
6.045648  0.0001614551
6.050589  0.0001605985
6.052505  0.0001602664
6.055038  0.0001598273
6.055105  0.0001598158
6.056496  0.0001595746
6.06478  0.0001581386
6.068061  0.00015757
6.06912  0.0001573865
6.071456  0.0001569814
6.073807  0.000156574
6.082365  0.0001550905
6.082667  0.0001550381
6.082854  0.0001550057
6.089933  0.0001537786
6.091674  0.0001534769
6.095885  0.0001527469
6.0975  0.0001524669
6.097791  0.0001524166
6.09822  0.0001523422
6.098731  0.0001522536
6.103831  0.0001513695
6.105354  0.0001511056
6.106566  0.0001508954
6.106892  0.000150839
6.114882  0.0001494541
6.117688  0.0001489676
6.118118  0.000148893
6.119965  0.0001485729
6.120712  0.0001484434
6.124886  0.0001477199
6.129076  0.0001469936
6.137367  0.0001455564
6.137405  0.0001455498
6.138928  0.0001452858
6.140021  0.0001450963
6.14424  0.000144365
6.144281  0.0001443579
6.147224  0.0001438478
6.147665  0.0001437713
6.14844  0.0001436371
6.148789  0.0001435765
6.149737  0.0001434122
6.15031  0.0001433129
6.152492  0.0001429346
6.161494  0.0001413743
6.162031  0.0001412812
6.163689  0.0001409937
6.164658  0.0001408258
6.164948  0.0001407756
6.165143  0.0001407417
6.165627  0.0001406577
6.165858  0.0001406178
6.166539  0.0001404998
6.166541  0.0001404994
6.171509  0.0001396382
6.173838  0.0001392344
6.17446  0.0001391267
6.176383  0.0001387934
6.177023  0.0001386825
6.178395  0.0001384445
6.186777  0.000137132
6.187816  0.0001370306
6.1919  0.0001366318
6.193397  0.0001364856
6.19949  0.0001358907
6.199511  0.0001358887
6.199606  0.0001358794
6.201846  0.0001356607
6.205271  0.0001353263
6.205809  0.0001352737
6.206195  0.000135236
6.206951  0.0001351622
6.20727  0.0001351311
6.208109  0.0001350492
6.210837  0.0001347828
6.213597  0.0001345133
6.217408  0.0001341412
6.219414  0.0001339454
6.228191  0.0001330884
6.235052  0.0001324185
6.2354  0.0001323845
6.236828  0.0001322451
6.237948  0.0001321357
6.238076  0.0001321232
6.24573  0.0001313759
6.253103  0.0001306559
6.25424  0.000130545
6.254465  0.000130523
6.255552  0.0001304168
6.259567  0.0001300248
6.261377  0.0001298481
6.261792  0.0001298076
6.262017  0.0001297856
6.266453  0.0001293525
6.27231  0.0001287806
6.272364  0.0001287753
6.278658  0.0001281608
6.283007  0.0001277361
6.286351  0.0001274097
6.286608  0.0001273846
6.28699  0.0001273472
6.288758  0.0001271746
6.289232  0.0001271284
6.28971  0.0001270817
6.290988  0.0001269569
6.294623  0.000126602
6.295017  0.0001265635
6.295979  0.0001264696
6.298152  0.0001262574
6.29867  0.0001262069
6.307699  0.0001253253
6.308157  0.0001252805
6.310017  0.0001250989
6.311379  0.000124966
6.315502  0.0001245634
6.318328  0.0001242875
6.319898  0.0001241342
6.323936  0.0001237399
6.325354  0.0001236014
6.325694  0.0001235682
6.326567  0.000123483
6.326909  0.0001234496
6.327167  0.0001234244
6.32764  0.0001233782
6.327661  0.0001233762
6.330207  0.0001231276
6.33223  0.00012293
6.333967  0.0001227605
6.33593  0.0001225687
6.335952  0.0001225666
6.338591  0.000122309
6.343153  0.0001218635
6.343872  0.0001217933
6.344201  0.0001217612
6.34571  0.0001216138
6.352952  0.0001209413
6.35502  0.0001208813
6.357044  0.0001208225
6.359315  0.0001207566
6.361703  0.0001206874
6.362253  0.0001206714
6.362857  0.0001206538
6.362889  0.0001206529
6.364483  0.0001206067
6.365409  0.0001205798
6.367026  0.0001205329
6.370901  0.0001204204
6.375228  0.0001202948
6.37628  0.0001202643
6.376349  0.0001202623
6.380724  0.0001201353
6.381559  0.0001201111
6.383542  0.0001200536
6.386368  0.0001199715
6.387559  0.000119937
6.392137  0.0001198041
6.396093  0.0001196893
6.397021  0.0001196624
6.401369  0.0001195362
6.404648  0.000119441
6.405387  0.0001194196
6.406537  0.0001193862
6.407567  0.0001193563
6.410314  0.0001192766
6.411198  0.0001192509
6.412088  0.0001192251
6.412839  0.0001192033
6.415283  0.0001191324
6.417327  0.0001190731
6.420892  0.0001189696
6.422555  0.0001189214
6.426408  0.0001188095
6.432027  0.0001186465
6.432047  0.0001186459
6.439017  0.0001176371
6.440297  0.0001174286
6.442824  0.0001170172
6.444041  0.0001168191
6.445306  0.0001166131
6.447145  0.0001163136
6.449167  0.0001159844
6.459573  0.0001142901
6.460766  0.0001140957
6.46232  0.0001138428
6.469378  0.0001126935
6.478285  0.0001112432
6.480148  0.0001109399
6.480406  0.0001108978
6.483898  0.0001103292
6.484152  0.000110288
6.48782  0.0001096906
6.489303  0.0001094491
6.489356  0.0001094405
6.489643  0.0001093937
6.490648  0.0001092302
6.496929  0.0001082075
6.499307  0.0001078203
6.499592  0.0001077738
6.500217  0.0001076721
6.500621  0.0001076063
6.502763  0.0001072574
6.503398  0.0001071542
6.505301  0.0001068443
6.505703  0.0001067789
6.505789  0.0001067649
6.508318  0.000106353
6.509351  0.0001061849
6.51124  0.0001059239
6.511416  0.0001059041
6.512946  0.0001057317
6.513128  0.0001057113
6.513158  0.0001057078
6.514514  0.0001055551
6.514621  0.000105543
6.515032  0.0001054967
6.515718  0.0001054194
6.519543  0.0001049885
6.520629  0.0001048662
6.522572  0.0001046473
6.525802  0.0001042833
6.52593  0.0001042689
6.52839  0.0001039918
6.53106  0.000103691
6.532914  0.0001034821
6.533796  0.0001033827
6.533866  0.0001033748
6.535217  0.0001032226
6.541792  0.0001024819
6.544156  0.0001022156
6.54697  0.0001018985
6.547641  0.0001018229
6.549327  0.000101633
6.549634  0.0001015985
6.551076  0.000101436
6.551397  0.0001013998
6.556811  0.0001007898
6.558923  0.0001005519
6.558947  0.0001005493
6.560627  0.0001003599
6.561683  0.000100241
6.569716  0.00009933598
6.571344  0.00009915259
6.571481  0.00009913715
6.575728  0.00009865867
6.575805  0.00009865001
6.577434  0.00009846652
6.583887  0.00009773944
6.588738  0.00009719299
6.591407  0.00009689227
6.593038  0.0000967085
6.59357  0.00009664854
6.596927  0.00009627039
6.601336  0.00009577363
6.601861  0.00009571447
6.603016  0.00009558444
6.603518  0.0000955278
6.606186  0.00009522728
6.606304  0.00009521399
6.612423  0.00009452461
6.613327  0.00009442274
6.613859  0.00009436281
6.61826  0.00009386693
6.620007  0.00009367019
6.621249  0.00009353025
6.622619  0.00009337586
6.62536  0.00009306707
6.625509  0.00009305033
6.625847  0.00009301219
6.632893  0.00009221844
6.633761  0.00009212066
6.634393  0.00009204948
6.638114  0.00009163024
6.638617  0.00009157354
6.642194  0.00009117056
6.644606  0.00009108496
6.64855  0.00009097293
6.648801  0.0000909658
6.649377  0.00009094942
6.651264  0.00009089582
6.653745  0.00009082535
6.656929  0.0000907349
6.656936  0.00009073471
6.660653  0.00009062913
6.662803  0.00009056805
6.663967  0.00009053498
6.665802  0.00009048287
6.666764  0.00009045554
6.668171  0.00009041558
6.670234  0.00009035695
6.673386  0.00009026744
6.675808  0.00009019862
6.678925  0.00009011009
6.678981  0.00009010848
6.680107  0.00009007652
6.680604  0.0000900624
6.682707  0.00009000265
6.683363  0.00008998402
6.683535  0.00008997914
6.68373  0.00008997358
6.686743  0.000089888
6.689179  0.00008981881
6.691377  0.00008975638
6.691437  0.00008975468
6.695701  0.00008963355
6.697648  0.00008957823
6.698688  0.00008954869
6.699768  0.00008951801
6.705829  0.00008934583
6.709225  0.00008924936
6.711669  0.00008917996
6.713264  0.00008913465
6.714778  0.00008909164
6.718074  0.00008899802
6.719881  0.00008899157
6.723418  0.00008985812
6.723648  0.00008991446
6.723858  0.00008996585
6.727908  0.00009095802
6.728619  0.00009113227
6.733996  0.00009244924
6.735229  0.0000927514
6.736438  0.00009304751
6.737144  0.00009322048
6.738856  0.00009363978
6.740561  0.0000940575
6.741788  0.00009435799
6.741949  0.00009439754
6.742776  0.00009460002
6.742842  0.00009461621
6.744449  0.00009501004
6.744842  0.00009510622
6.746271  0.00009545636
6.746773  0.00009557915
6.748435  0.00009598647
6.750142  0.00009640441
6.755465  0.00009770843
6.756101  0.00009786425
6.758287  0.00009839967
6.758822  0.0000985308
6.764081  0.00009981907
6.76836  0.0001010238
6.770643  0.0001016842
6.771444  0.0001019157
6.774486  0.0001027954
6.776131  0.0001032712
6.776631  0.0001034158
6.779948  0.000104375
6.783105  0.000105288
6.784714  0.0001057533
6.785747  0.0001060521
6.78802  0.0001067094
6.792878  0.0001081144
6.792937  0.0001081314
6.795276  0.0001088079
6.797539  0.0001094624
6.800949  0.0001102605
6.805157  0.000110333
6.805765  0.0001103434
6.807146  0.0001103672
6.807327  0.0001103703
6.807364  0.000110371
6.816436  0.0001105273
6.816756  0.0001105328
6.818272  0.0001105589
6.819626  0.0001105822
6.820207  0.0001105922
6.820927  0.0001106046
6.823906  0.000110656
6.827143  0.0001107117
6.829856  0.0001107585
6.833322  0.0001108182
6.833398  0.0001108195
6.834219  0.0001108336
6.834303  0.0001108351
6.836123  0.0001108664
6.836393  0.0001108711
6.837901  0.0001108971
6.841867  0.0001109654
6.842493  0.0001109762
6.84282  0.0001109818
6.843603  0.0001109953
6.8455  0.000111028
6.847245  0.0001110581
6.84725  0.0001110581
6.849472  0.0001110964
6.854176  0.0001111775
6.854229  0.0001111784
6.855335  0.0001111974
6.855647  0.0001112028
6.860745  0.0001112906
6.864097  0.0001113484
6.868789  0.0001114292
6.871031  0.0001114678
6.875965  0.0001115528
6.877765  0.0001115839
6.882803  0.0001116707
6.883838  0.0001116885
6.885693  0.0001117204
6.886658  0.0001117371
6.887317  0.0001117484
6.888223  0.000111764
6.893752  0.0001118593
6.894265  0.0001118681
6.894797  0.0001118773
6.895597  0.0001118911
6.899996  0.0001119669
6.901858  0.0001119989
6.902854  0.0001120161
6.902904  0.000112017
6.903166  0.0001120215
6.907126  0.0001120897
6.911138  0.0001121588
6.91282  0.0001121878
6.914101  0.0001122099
6.921834  0.0001123431
6.92558  0.0001124076
6.927046  0.0001124329
6.927454  0.0001124399
6.928716  0.0001124616
6.932452  0.000112526
6.932873  0.0001125333
6.934018  0.000112553
6.934278  0.0001125575
6.934646  0.0001125638
6.941738  0.000112686
6.94296  0.0001127071
6.943087  0.0001127092
6.943635  0.0001127187
6.94394  0.0001127239
6.945047  0.000112743
6.946805  0.0001127733
6.947844  0.0001127912
6.948246  0.0001127981
6.948545  0.0001128033
6.950996  0.0001128455
6.951472  0.0001128537
6.952444  0.0001128704
6.953827  0.0001128943
6.955357  0.0001129206
6.959714  0.0001129957
6.962475  0.0001130433
6.962985  0.000113052
6.965568  0.0001130965
6.967008  0.0001131213
6.968392  0.0001131452
6.970476  0.0001131811
6.971817  0.0001132042
6.975138  0.0001132614
6.975349  0.0001132651
6.977085  0.000113295
6.980954  0.0001133616
6.982095  0.0001133813
6.983963  0.0001134135
6.986641  0.0001134596
6.98809  0.0001134846