0.8069669  0.03550928
0.8087992  0.03516516
0.8090659  0.03511508
0.8093431  0.03506301
0.8118159  0.03459861
0.8118216  0.03459754
0.8132442  0.03433038
0.8146449  0.03406733
0.8167304  0.03367565
0.8169745  0.03362982
0.8188427  0.03327897
0.8199874  0.03306399
0.8206751  0.03293483
0.8224284  0.03260555
0.8257552  0.03198078
0.8258791  0.03195751
0.8261147  0.03191326
0.8293198  0.03131134
0.8299271  0.03119729
0.830643  0.03106284
0.8309201  0.0310108
0.8317005  0.03086424
0.8326959  0.03067729
0.833583  0.03051796
0.8347347  0.03033516
0.835076  0.03028098
0.8352613  0.03025158
0.8378501  0.02984068
0.8397657  0.02953664
0.8413318  0.02928805
0.8443227  0.02881333
0.8450498  0.02869793
0.8501874  0.02788249
0.8532834  0.02739108
0.8543408  0.02722325
0.8546094  0.02718062
0.8549596  0.02712504
0.856005  0.0269591
0.8570115  0.02680153
0.8594221  0.02644914
0.8602633  0.02632616
0.8611793  0.02619226
0.8615909  0.02613209
0.8635457  0.02584633
0.864401  0.02572129
0.865337  0.02558446
0.8660821  0.02547553
0.8662443  0.02545182
0.8665575  0.02540603
0.8688985  0.02506382
0.8690402  0.0250431
0.8697421  0.02494048
0.8698042  0.02493141
0.8699215  0.02491426
0.8715767  0.0246723
0.8716758  0.02465781
0.8728785  0.02448199
0.8758212  0.0240518
0.8773727  0.02382499
0.8777819  0.02376517
0.8779951  0.023734
0.8781854  0.02370618
0.8783433  0.0236831
0.8792251  0.02355419
0.88116  0.02329982
0.8816074  0.02324999
0.8830104  0.02309374
0.8843989  0.0229391
0.8869716  0.02265257
0.8890487  0.02242125
0.8902395  0.02228862
0.8905535  0.02225365
0.8908325  0.02222258
0.8931408  0.0219655
0.8934341  0.02193283
0.894169  0.02185099
0.8969525  0.02154098
0.8983549  0.02138479
0.8993332  0.02127584
0.8997113  0.02123373
0.9015088  0.02103354
0.9041378  0.02074074
0.9050688  0.02063706
0.9065746  0.02048982
0.9107291  0.02017087
0.9122075  0.02005737
0.9123146  0.02004915
0.9141855  0.01990552
0.9142463  0.01990085
0.9142664  0.01989931
0.9164692  0.01973019
0.9167478  0.0197088
0.9170719  0.01968392
0.9183276  0.01958752
0.9189973  0.0195361
0.9239475  0.01915606
0.9274974  0.01888353
0.9293662  0.01874005
0.9301084  0.01868307
0.9304798  0.01865456
0.9311068  0.01860642
0.9314077  0.01858332
0.9316311  0.01856617
0.9320716  0.01853235
0.9321395  0.01852713
0.9325169  0.01849816
0.9330933  0.01845391
0.9334204  0.0184288
0.934519  0.01836788
0.9357516  0.01831133
0.9360401  0.01829809
0.936708  0.01826745
0.9398555  0.01812304
0.9411932  0.01806167
0.9415859  0.01804365
0.9417927  0.01803417
0.9418214  0.01803285
0.9433144  0.01796435
0.9484817  0.01772727
0.9497421  0.01766944
0.9533597  0.01750347
0.9536721  0.01748914
0.9542557  0.01746236
0.9542945  0.01746058
0.9546407  0.0174447
0.9549737  0.01742942
0.9564147  0.01736331
0.9565827  0.0173556
0.9570535  0.017334
0.9576952  0.01730455
0.9581915  0.01728178
0.9588315  0.01725242
0.9596009  0.01721712
0.9612363  0.01714209
0.9627904  0.01707078
0.9633273  0.01704616
0.9634892  0.01703872
0.9635677  0.01703512
0.9671464  0.01687093
0.9673067  0.01686358
0.9677537  0.01684307
0.9685802  0.01680373
0.9686902  0.01679844
0.9687721  0.0167945
0.9689337  0.01678673
0.9694243  0.01676312
0.9741623  0.01653513
0.9750467  0.01649257
0.9757045  0.01646092
0.9763031  0.01643211
0.9767945  0.01640847
0.9770559  0.01639589
0.9777394  0.016363
0.983833  0.01606978
0.9838404  0.01606942
0.9852718  0.01600054
0.9857864  0.01597578
0.9890342  0.0158195
0.9892004  0.0158115
0.9894078  0.01580152
0.9900947  0.01576847
0.9902949  0.01575883
0.9904843  0.01574972
0.9920679  0.01567352
0.9923268  0.01566106
0.9951221  0.01552655
0.9965914  0.01545585
0.996673  0.01545192
0.9973157  0.015421
0.9975057  0.01541186
0.9979185  0.01539199
0.9982637  0.01537538
0.999454  0.0153181
0.9995274  0.01531457
0.9998421  0.01529943
1.000239  0.01528035
1.000865  0.01525021
1.004329  0.01508351
1.00574  0.01501561
1.008927  0.01486707
1.009336  0.01485259
1.012927  0.01472539
1.013099  0.0147193
1.01464  0.01466469
1.019478  0.01449333
1.020042  0.01447334
1.020396  0.01446081
1.022787  0.01437608
1.023862  0.014338
1.024513  0.01431494
1.02563  0.01427538
1.026506  0.01424435
1.026945  0.0142288
1.028822  0.01416232
1.029129  0.01415142
1.031028  0.01408417
1.031466  0.01406863
1.032693  0.01402518
1.037592  0.01385163
1.038205  0.01382991
1.038632  0.01381477
1.039801  0.01377335
1.040827  0.01373702
1.041544  0.01371161
1.042647  0.01367253
1.042763  0.01366844
1.044574  0.01360428
1.045265  0.0135798
1.045599  0.01356796
1.047251  0.01350945
1.047403  0.01350407
1.048061  0.01348074
1.050139  0.01340715
1.050696  0.0133874
1.050749  0.01338552
1.052078  0.01333846
1.053225  0.0132978
1.057869  0.01313329
1.058665  0.01310509
1.059482  0.01307616
1.061079  0.01303369
1.061811  0.01301602
1.062418  0.01300137
1.0637  0.01297044
1.064089  0.01296106
1.064563  0.01294962
1.065408  0.01292921
1.06613  0.0129118
1.067593  0.0128765
1.067662  0.01287482
1.067919  0.01286862
1.071293  0.0127872
1.071613  0.01277948
1.072348  0.01276173
1.072481  0.01275853
1.080199  0.01257227
1.081953  0.01252993
1.08273  0.0125112
1.08296  0.01250563
1.083008  0.01250448
1.083315  0.01249708
1.085906  0.01243454
1.087122  0.0124052
1.088109  0.01238138
1.088618  0.01236909
1.089368  0.01235101
1.089571  0.01234609
1.09075  0.01231765
1.09287  0.01226647
1.093122  0.01226041
1.093906  0.01224148
1.094119  0.01223634
1.09605  0.01218974
1.097267  0.01216037
1.098191  0.01213808
1.098282  0.01213587
1.098597  0.01212827
1.099118  0.01211571
1.099655  0.01210273
1.100003  0.01209435
1.10273  0.01202807
1.103087  0.01201846
1.103368  0.01201089
1.104284  0.01198623
1.104585  0.01197812
1.105727  0.01194737
1.105924  0.01194206
1.106166  0.01193557
1.109854  0.01183627
1.110033  0.01183143
1.110308  0.01182404
1.112773  0.01175768
1.115057  0.01169616
1.115595  0.01168168
1.11596  0.01167184
1.12079  0.01154181
1.122224  0.0115032
1.126292  0.01139368
1.128369  0.01133776
1.128565  0.01133247
1.131462  0.01125447
1.132096  0.01123741
1.137334  0.01109637
1.138553  0.01106356
1.139412  0.01104041
1.139747  0.0110314
1.146701  0.01084416
1.14682  0.01084098
1.151077  0.01072634
1.152134  0.01070169
1.152823  0.01068929
1.157219  0.01061023
1.15827  0.01059133
1.158817  0.0105815
1.159955  0.01056102
1.160584  0.01054971
1.16151  0.01053306
1.162955  0.01050707
1.165886  0.01045436
1.166225  0.01044826
1.166593  0.01044164
1.166801  0.0104379
1.167833  0.01041934
1.169225  0.0103943
1.171108  0.01036043
1.171146  0.01035975
1.171745  0.01034899
1.171939  0.01034549
1.173606  0.01031552
1.176894  0.01025639
1.182159  0.01016169
1.184817  0.01011389
1.185116  0.01010851
1.187147  0.01007199
1.187969  0.01005719
1.188081  0.01005518
1.19109  0.01000107
1.191209  0.009998916
1.191717  0.009989789
1.193304  0.00996125
1.195353  0.009924391
1.196059  0.009911705
1.196565  0.009902589
1.200898  0.009825707
1.200913  0.00982546
1.202003  0.009806369
1.203486  0.009780413
1.204814  0.009757159
1.20682  0.009722042
1.207776  0.009705317
1.208572  0.009691372
1.208609  0.009690734
1.208889  0.009685828
1.209154  0.009681195
1.209335  0.009678022
1.209946  0.009667318
1.210333  0.009660543
1.210845  0.009651582
1.2132  0.009610357
1.215506  0.009569989
1.215784  0.009565125
1.215845  0.009564071
1.216773  0.009547817
1.217381  0.009537169
1.218589  0.009516022
1.220034  0.009490741
1.221862  0.009458732
1.224015  0.009421047
1.225237  0.00939966
1.226083  0.009384845
1.226355  0.009380084
1.233938  0.009247347
1.236855  0.009196272
1.238763  0.009162873
1.242318  0.009100646
1.244917  0.009055142
1.247617  0.009007884
1.248653  0.008989752
1.24957  0.008973701
1.251473  0.008940382
1.251567  0.008938734
1.251617  0.008937864
1.252243  0.008926904
1.252359  0.008924875
1.257078  0.00884227
1.257439  0.008835949
1.257506  0.008834781
1.258124  0.008823964
1.259628  0.00879763
1.260271  0.008786371
1.260858  0.008776233
1.261717  0.008761867
1.262781  0.008744081
1.262894  0.008742179
1.264054  0.008722785
1.266645  0.008679458
1.267239  0.008669523
1.26739  0.008667001
1.268195  0.008653528
1.269378  0.008633758
1.271038  0.008605994
1.271642  0.008595882
1.273415  0.008566245
1.274757  0.008543801
1.275296  0.008534788
1.276449  0.008515502
1.280741  0.008443722
1.281442  0.008431996
1.282448  0.008415174
1.282887  0.008407831
1.283608  0.008395784
1.283975  0.008389646
1.28497  0.008372993
1.288529  0.008313474
1.289116  0.008303672
1.289436  0.00829832
1.290729  0.008276694
1.291336  0.008266546
1.292415  0.008248488
1.29365  0.008227838
1.294981  0.008205576
1.295342  0.008199538
1.295494  0.008197
1.295523  0.008196526
1.296033  0.008187985
1.297681  0.008160427
1.29833  0.008149576
1.29928  0.008133689
1.301241  0.008100899
1.301489  0.008096738
1.303212  0.008067924
1.304698  0.008043084
1.304875  0.008040123
1.307534  0.007995647
1.309575  0.007961523
1.311746  0.00792522
1.312575  0.007915328
1.314017  0.00790063
1.314328  0.007897465
1.317617  0.007863936
1.318086  0.007859157
1.32318  0.007807245
1.324758  0.007791157
1.326059  0.007777897
1.328931  0.007748622
1.329033  0.007747582
1.330108  0.007736631
1.330913  0.007728421
1.33163  0.007721118
1.332336  0.007713918
1.335719  0.007679437
1.337826  0.00765797
1.337906  0.007657148
1.33818  0.007654354
1.338388  0.007652233
1.338461  0.007651489
1.341024  0.007625368
1.344269  0.007592298
1.34449  0.007590046
1.345728  0.007577429
1.346974  0.007564723
1.347154  0.007562889
1.347384  0.007560553
1.348723  0.007546897
1.350346  0.007530362
1.350378  0.007530029
1.351419  0.007519426
1.352584  0.007507545
1.354332  0.00748973
1.356964  0.007462906
1.357008  0.00746246
1.358053  0.007451808
1.358237  0.007449934
1.358675  0.007445465
1.363597  0.007395305
1.364237  0.007388778
1.364693  0.007384132
1.364871  0.007382314
1.365576  0.007375128
1.365593  0.007374955
1.367308  0.007357478
1.36979  0.00733218
1.370061  0.007329418
1.370358  0.007326396
1.370633  0.007323589
1.371473  0.007315025
1.374097  0.007288281
1.374303  0.007286188
1.375788  0.007271047
1.375861  0.007270309
1.377172  0.007256943
1.377253  0.007256116
1.377879  0.007249738
1.380102  0.007227076
1.382436  0.007203293
1.382899  0.007198574
1.383747  0.007189929
1.384649  0.00718074
1.388811  0.007138312
1.39075  0.007118549
1.395566  0.00706947
1.396086  0.007064168
1.396357  0.007061401
1.397287  0.007051927
1.398403  0.007038602
1.399403  0.007026393
1.399468  0.007025606
1.400188  0.007016813
1.400688  0.007010714
1.403438  0.006977142
1.40772  0.006924868
1.408181  0.006919245
1.409762  0.006899947
1.410099  0.006895836
1.410685  0.006888677
1.410846  0.006886706
1.410996  0.006884881
1.411622  0.006877235
1.411875  0.006874156
1.411999  0.006872637
1.412066  0.006871824
1.413868  0.006849817
1.416239  0.006820874
1.416872  0.006813152
1.41735  0.006807321
1.423442  0.006732954
1.425941  0.006702446
1.430125  0.006651373
1.430185  0.006650637
1.430605  0.006645518
1.431647  0.006632796
1.432293  0.006624908
1.432616  0.006620967
1.433578  0.006609217
1.434387  0.006599342
1.434722  0.006595252
1.434891  0.006593193
1.435023  0.006591585
1.435442  0.006586465
1.438287  0.006551736
1.439408  0.006538053
1.440354  0.006526504
1.44061  0.006523381
1.450838  0.006398524
1.45198  0.006384584
1.45367  0.006363963
1.454456  0.006354367
1.454487  0.00635399
1.45464  0.006352116
1.455013  0.006347564
1.457481  0.006317442
1.458151  0.006309262
1.458352  0.0063068
1.460755  0.006277466
1.462302  0.006258591
1.46242  0.006257148
1.463715  0.006241344
1.464394  0.006233045
1.466241  0.006210498
1.467929  0.006189897
1.469939  0.006172111
1.470167  0.006170098
1.470647  0.006165867
1.471875  0.006155034
1.471947  0.006154405
1.472228  0.006151927
1.47331  0.006142382
1.474109  0.006135337
1.475313  0.006124723
1.475716  0.006121163
1.475873  0.00611978
1.476047  0.006118251
1.47758  0.006104729
1.478308  0.006098308
1.478811  0.006093872
1.479409  0.006088601
1.481058  0.006074056
1.483098  0.006056072
1.486385  0.006027084
1.486733  0.006024017
1.489471  0.005999875
1.489567  0.005999031
1.489619  0.005998565
1.490606  0.005989865
1.492467  0.005973455
1.494411  0.005956309
1.495713  0.005944833
1.496454  0.005938298
1.499709  0.005909598
1.500067  0.00590644
1.500128  0.005905896
1.500601  0.00590173
1.50326  0.005878282
1.50429  0.0058692
1.505049  0.005862503
1.506399  0.005850599
1.507425  0.005841552
1.508114  0.005835476
1.508268  0.005834117
1.509969  0.005819117
1.510065  0.005818271
1.510896  0.005810943
1.51924  0.005737373
1.519378  0.005736151
1.519572  0.005734445
1.519852  0.005731969
1.519894  0.0057316
1.522412  0.005709399
1.524471  0.005691238
1.525288  0.005684035
1.528309  0.005657411
1.528338  0.005657162
1.528493  0.005655803
1.529389  0.005647925
1.529576  0.005646282
1.531285  0.00563127
1.532758  0.005618325
1.532999  0.005616209
1.533848  0.005608752
1.535002  0.005598607
1.535181  0.005597041
1.536214  0.005587963
1.537274  0.005578647
1.53814  0.005571043
1.539998  0.005554713
1.54018  0.005553115
1.540573  0.005549667
1.541918  0.005537843
1.541932  0.005537726
1.541984  0.005537267
1.542455  0.005533129
1.542971  0.005528594
1.545285  0.005508262
1.545702  0.005504596
1.546812  0.005494852
1.546921  0.005493889
1.549394  0.005472162
1.555832  0.005415595
1.556474  0.005409957
1.556851  0.005406646
1.558995  0.005387804
1.561766  0.005363461
1.563052  0.005352163
1.563542  0.005347853
1.565996  0.005326293
1.566148  0.005324961
1.566454  0.005322272
1.566488  0.005321973
1.567017  0.005317327
1.568013  0.005308571
1.568443  0.0053048
1.568975  0.005300121
1.571283  0.005279842
1.573912  0.005256742
1.574846  0.005248538
1.576098  0.005237542
1.57621  0.005236558
1.57657  0.005233389
1.576624  0.005232914
1.577724  0.005223253
1.578792  0.005213871
1.581521  0.005189889
1.581833  0.005187155
1.582089  0.005184902
1.582392  0.005182238
1.583704  0.005170713
1.583709  0.005170674
1.585983  0.005150687
1.588371  0.005129712
1.590865  0.005107796
1.596038  0.00506235
1.596848  0.005055232
1.597032  0.005053611
1.597944  0.005045599
1.598086  0.005044353
1.600175  0.005025997
1.60041  0.005023934
1.601522  0.005014163
1.601718  0.005012444
1.602775  0.005003536
1.605103  0.004987302
1.606699  0.004976167
1.60794  0.004967516
1.608074  0.004966575
1.611451  0.004943022
1.611661  0.004941557
1.612973  0.004932407
1.613957  0.004925542
1.614436  0.004922204
1.616689  0.004906492
1.618858  0.00489136
1.618925  0.004890896
1.620005  0.004883363
1.620038  0.004883133
1.621604  0.004872212
1.621696  0.004871571
1.625441  0.00484545
1.626511  0.004837987
1.627225  0.004833006
1.633092  0.004792083
1.637539  0.004761063
1.637775  0.004759417
1.638116  0.004757044
1.63841  0.004754992
1.638608  0.004753608
1.641155  0.004735844
1.642729  0.004724869
1.644875  0.0047099
1.645526  0.004705361
1.645637  0.004704588
1.645957  0.004702353
1.646871  0.00469598
1.646933  0.004695545
1.649086  0.00468053
1.649725  0.004676072
1.650295  0.004672096
1.654363  0.00464372
1.654934  0.004639741
1.65537  0.004636698
1.657029  0.004625128
1.659869  0.004605317
1.660356  0.004601924
1.661444  0.004594334
1.662557  0.004586575
1.663582  0.004579425
1.664201  0.004575105
1.667672  0.004550893
1.668784  0.004543137
1.672129  0.004519807
1.673015  0.004513631
1.673282  0.00451177
1.674161  0.004505634
1.674199  0.004505373
1.678512  0.004475287
1.680209  0.004463453
1.680646  0.004460407
1.682066  0.0044505
1.682693  0.004446131
1.683404  0.004441166
1.684117  0.004436194
1.684354  0.004434543
1.684442  0.004433926
1.684609  0.004432764
1.686475  0.004419748
1.688147  0.004408084
1.689562  0.004398217
1.689697  0.004397277
1.689892  0.004395913
1.690106  0.004394421
1.690854  0.004390295
1.693205  0.004377636
1.694632  0.004369953
1.695071  0.004367588
1.695095  0.004367459
1.696793  0.004358314
1.697032  0.00435703
1.697722  0.004353315
1.699263  0.004345018
1.699269  0.004344982
1.699747  0.004342413
1.701045  0.004335423
1.702751  0.004326236
1.703862  0.004320257
1.705795  0.004309844
1.706516  0.004305966
1.709063  0.004292251
1.709433  0.004290258
1.709837  0.004288084
1.711022  0.004281704
1.711614  0.004278515
1.715897  0.004255452
1.718711  0.004240305
1.721927  0.004222988
1.723359  0.004215276
1.725149  0.00420564
1.725208  0.00420532
1.725266  0.004205008
1.725676  0.004202803
1.730871  0.004174832
1.73252  0.00416595
1.732945  0.004163662
1.73301  0.004163313
1.733656  0.004159837
1.736978  0.00414195
1.737749  0.004137799
1.738179  0.00413548
1.738276  0.004134961
1.742793  0.004110641
1.744357  0.004102216
1.744425  0.004101852
1.745231  0.00409751
1.745347  0.004096889
1.74862  0.004079266
1.748651  0.0040791
1.748753  0.004078548
1.74997  0.004071996
1.752764  0.004056952
1.753423  0.004053405
1.755378  0.00404288
1.758507  0.004026028
1.759314  0.004021688
1.759404  0.0040212
1.760685  0.004014305
1.768248  0.003973581
1.769977  0.003964271
1.770464  0.003961649
1.770533  0.003961282
1.771295  0.003957175
1.771598  0.003955546
1.772037  0.003953182
1.772342  0.003951539
1.774981  0.003937332
1.775576  0.003934129
1.777666  0.003922873
1.777867  0.00392179
1.780328  0.003908685
1.7808  0.003906306
1.78092  0.003905702
1.783059  0.003894931
1.784368  0.003888341
1.78576  0.003881329
1.788823  0.003865906
1.793318  0.003843273
1.793568  0.003842013
1.793841  0.003840636
1.796066  0.003829434
1.797526  0.003822079
1.798828  0.003815526
1.799409  0.003812598
1.800364  0.003807789
1.800785  0.00380567
1.801112  0.003804023
1.805453  0.003782161
1.805772  0.003780556
1.808299  0.003767832
1.808355  0.003767547
1.810364  0.003757432
1.812723  0.003745554
1.81441  0.00373706
1.815173  0.003733215
1.815279  0.003732684
1.816125  0.003728423
1.816331  0.003727384
1.816932  0.003724358
1.817193  0.003723042
1.81722  0.003722906
1.818505  0.003716435
1.822173  0.003697967
1.825934  0.003679025
1.825955  0.003678922
1.826269  0.00367734
1.826512  0.003676114
1.827765  0.003669808
1.829357  0.003661791
1.831055  0.003653239
1.831129  0.003652868
1.831245  0.003652284
1.834901  0.003633871
1.839694  0.003609737
1.839736  0.003609522
1.841244  0.00360193
1.841651  0.003599879
1.841804  0.003599111
1.842666  0.003594771
1.843263  0.003591762
1.843323  0.003591461
1.844341  0.003586337
1.845401  0.003580999
1.846013  0.003577916
1.849154  0.003562097
1.849463  0.003560543
1.851987  0.00354783
1.853991  0.003537743
1.854871  0.003533311
1.856819  0.003523501
1.858012  0.003517493
1.859477  0.003510112
1.860647  0.003504221
1.861883  0.003497996
1.86278  0.003493479
1.862976  0.003492496
1.863997  0.003487354
1.864454  0.003485054
1.866253  0.003475994
1.867301  0.003470715
1.869006  0.003462129
1.869147  0.00346142
1.869495  0.003459666
1.869715  0.00345856
1.870053  0.003456856
1.872386  0.003445107
1.872602  0.003444022
1.872673  0.003443661
1.874054  0.00343671
1.87442  0.003434866
1.875028  0.003431803
1.876106  0.003426377
1.876595  0.003423914
1.876702  0.003423372
1.877873  0.003417479
1.880965  0.003401908
1.883823  0.003387517
1.884529  0.003383958
1.885113  0.00338102
1.886866  0.00337219
1.887084  0.003371095
1.887373  0.00336964
1.890954  0.003351607
1.892465  0.003343999
1.893261  0.003340112
1.89562  0.003331197
1.896931  0.00332624
1.897235  0.003325092
1.898759  0.003319331
1.90306  0.003303076
1.904006  0.003299502
1.905324  0.00329452
1.905719  0.003293027
1.90574  0.003292944
1.90652  0.003289997
1.906831  0.003288821
1.912287  0.003268199
1.913378  0.003264076
1.916682  0.003251588
1.916913  0.003250717
1.917072  0.003250113
1.917234  0.003249502
1.918809  0.003243551
1.919542  0.003240778
1.920897  0.003235656
1.921063  0.00323503
1.92118  0.003234586
1.921631  0.003232882
1.924614  0.00322161
1.924887  0.003220575
1.924904  0.003220514
1.925834  0.003216996
1.927208  0.003211803
1.929699  0.003202389
1.9312  0.003196717
1.931927  0.003193967
1.932837  0.003190528
1.933267  0.003188905
1.936267  0.003177563
1.936775  0.003175643
1.938658  0.003168528
1.938777  0.003168078
1.939631  0.003164849
1.943358  0.003150764
1.943525  0.00315013
1.943916  0.003148654
1.945191  0.003143834
1.949111  0.003129019
1.951671  0.003119343
1.951929  0.003118366
1.95202  0.003118023
1.953877  0.003111003
1.955379  0.003105326
1.955965  0.003103112
1.956889  0.003099622
1.95802  0.003095344
1.958714  0.003092721
1.959044  0.003091475
1.960333  0.003086603
1.960841  0.003084682
1.962658  0.003077816
1.963117  0.003076079
1.965404  0.003067435
1.96555  0.003066884
1.965858  0.00306572
1.966249  0.003064244
1.966324  0.00306396
1.966452  0.003063473
1.966496  0.00306331
1.967077  0.003061113
1.97126  0.003045302
1.972332  0.003041252
1.973722  0.003035998
1.97537  0.003029766
1.975704  0.003028504
1.975982  0.003027457
1.977936  0.00302007
1.978456  0.003018104
1.981633  0.003006096
1.982041  0.003004554
1.982239  0.003003807
1.983782  0.002997974
1.988348  0.002980715
1.990377  0.002973046
1.990921  0.00297099
1.991797  0.002967679
1.993769  0.002960227
1.994951  0.002955761
1.99523  0.002954703
1.998428  0.002943932
1.999296  0.002941076
1.999704  0.002939732
2.000013  0.002938714
2.001712  0.002933121
2.002093  0.002931865
2.002834  0.002929426
2.00602  0.002918936
2.007546  0.002913912
2.009  0.002909122
2.009256  0.002908281
2.010472  0.002904277
2.010839  0.00290307
2.011114  0.002902163
2.012992  0.002895979
2.013511  0.002894271
2.013866  0.002893102
2.014791  0.002890057
2.014934  0.002889585
2.019268  0.002875316
2.019746  0.002873742
2.020231  0.002872144
2.020348  0.00287176
2.022104  0.002865977
2.025597  0.002854475
2.027082  0.002849586
2.028662  0.002844384
2.029408  0.002841927
2.031895  0.00283374
2.032494  0.002831766
2.032643  0.002831276
2.032812  0.00283072
2.034263  0.002825943
2.036282  0.002819296
2.03743  0.002815516
2.040216  0.002806342
2.040691  0.002804779
2.043159  0.002796652
2.04528  0.002789668
2.046431  0.002785878
2.046895  0.002784351
2.047728  0.002781609
2.048533  0.002778957
2.048561  0.002778867
2.048611  0.002778701
2.049072  0.002777184
2.04912  0.002777026
2.050924  0.002771085
2.051249  0.002770014
2.053042  0.00276411
2.05471  0.002758619
2.054981  0.002757728
2.055573  0.002755777
2.056631  0.002752294
2.057054  0.002750901
2.05722  0.002750356
2.060513  0.002739514
2.0662  0.002720786
2.06625  0.002720622
2.066704  0.002719128
2.069054  0.002711389
2.06967  0.002709362
2.070016  0.002708222
2.071972  0.002701781
2.072051  0.002701522
2.07252  0.002699978
2.073399  0.002697084
2.075211  0.002691116
2.075308  0.002690797
2.076714  0.002686168
2.076859  0.002685691
2.078722  0.002679558
2.079362  0.00267745
2.080319  0.002674298
2.080584  0.002673427
2.082656  0.002666606
2.083313  0.002664441
2.084265  0.002661835
2.086051  0.002656969
2.090035  0.00264611
2.095006  0.002632564
2.097507  0.002625747
2.098612  0.002622738
2.100235  0.002618314
2.100455  0.002617714
2.102368  0.002612502
2.102944  0.002610932
2.106729  0.002600616
2.107302  0.002599057
2.111182  0.00258848
2.111825  0.00258673
2.11279  0.002584101
2.11761  0.002570965
2.118019  0.002569849
2.118473  0.002568613
2.118915  0.002567408
2.119302  0.002566353
2.12247  0.002557719
2.12343  0.002555104
2.125494  0.00254948
2.126412  0.002546978
2.126997  0.002545382
2.127063  0.002545202
2.127093  0.002545122
2.128843  0.002540352
2.13005  0.002537064
2.13005  0.002537062
2.130157  0.002536772
2.131573  0.002532913
2.131597  0.002532846
2.132616  0.002530069
2.133176  0.002528544
2.133391  0.002527958
2.135156  0.002523149
2.135871  0.002521201
2.135947  0.002520994
2.136159  0.002520414
2.137899  0.002515674
2.138334  0.002514488
2.13893  0.002512863
2.139387  0.002511617
2.144287  0.002498264
2.148773  0.002486038
2.152161  0.002476806
2.154377  0.002470766
2.156275  0.002465595
2.157447  0.002462402
2.15858  0.002459314
2.159808  0.002455967
2.15986  0.002455826
2.161319  0.002451851
2.161409  0.002451603
2.162342  0.002449062
2.164567  0.002442998
2.165923  0.002439303
2.1666  0.002437459
2.170668  0.00242666
2.177161  0.002409433
2.177719  0.002407954
2.179706  0.002402682
2.182024  0.002396533
2.183353  0.002393006
2.185217  0.002388062
2.186853  0.002383721
2.187313  0.002382501
2.18972  0.002376116
2.191147  0.002372329
2.192152  0.002369663
2.192989  0.002367442
2.194225  0.002364164
2.194577  0.002363229
2.194853  0.002362499
2.195076  0.002361907
2.196363  0.002358491
2.197858  0.002354526
2.198982  0.002351544
2.199102  0.002351225
2.200872  0.002346528
2.202157  0.00234312
2.202397  0.002342485
2.203502  0.002339552
2.203656  0.002339144
2.204318  0.002337388
2.20474  0.002336267
2.206107  0.00233264
2.206582  0.002331381
2.207457  0.002329058
2.208104  0.002327343
2.208479  0.002326348
2.208563  0.002326126
2.20901  0.00232494
2.209117  0.002324655
2.210725  0.002320388
2.211199  0.002319132
2.211235  0.002319037
2.211634  0.002317978
2.215242  0.002308405
2.215352  0.002308115
2.219004  0.002298424
2.219253  0.002297765
2.219864  0.002296144
2.22074  0.002293819
2.220975  0.002293196
2.222163  0.002290043
2.224231  0.002284557
2.226076  0.002279663
2.227685  0.002275393
2.228278  0.00227382
2.228289  0.002273791
2.228607  0.002272947
2.229925  0.002269451
2.231929  0.002264136
2.231979  0.002264002
2.232469  0.002262702
2.233145  0.002260909
2.235695  0.002254144
2.237616  0.002249048
2.238076  0.002247828
2.239962  0.002242823
2.240246  0.002242071
2.242153  0.00223701
2.242183  0.002236931
2.243139  0.002234395
2.244181  0.00223163
2.246039  0.0022267
2.24607  0.002226617
2.24669  0.002224975
2.247262  0.002223457
2.247457  0.00222294
2.248219  0.002220917
2.248229  0.00222089
2.248345  0.002220584
2.248781  0.002219425
2.249017  0.002218799
2.252912  0.002208466
2.253159  0.002207811
2.254928  0.002203119
2.255461  0.002201703
2.256073  0.002200081
2.25833  0.002194975
2.261642  0.002187712
2.261688  0.002187611
2.264292  0.002181899
2.267813  0.002174177
2.269464  0.002170556
2.270699  0.002167848
2.272959  0.002162892
2.273521  0.00216166
2.273608  0.002161469
2.274471  0.002159576
2.275171  0.00215804
2.275202  0.002157974
2.275714  0.00215685
2.276705  0.002154676
2.277557  0.002152808
2.27783  0.002152209
2.278008  0.002151818
2.281865  0.00214336
2.282664  0.002141609
2.283432  0.002139924
2.283454  0.002139876
2.283578  0.002139602
2.284676  0.002137194
2.285766  0.002134805
2.286002  0.002134287
2.286927  0.002132259
2.287415  0.002131189
2.289708  0.002126159
2.289797  0.002125964
2.291301  0.002122666
2.294242  0.002116216
2.29434  0.002116001
2.29567  0.002113083
2.296741  0.002110735
2.297578  0.0021089
2.29772  0.002108589
2.297989  0.002107997
2.299971  0.00210365
2.300046  0.002103486
2.300511  0.002102467
2.300994  0.002101408
2.301275  0.002100791
2.30369  0.002095494
2.304317  0.002094119
2.306024  0.002090375
2.306417  0.002089515
2.307581  0.002086962
2.309232  0.002083339
2.309383  0.002083008
2.311581  0.002078189
2.312889  0.002075319
2.313888  0.002073128
2.314674  0.002071404
2.314911  0.002070887
2.314963  0.002070772
2.315864  0.002068795
2.316031  0.00206843
2.31738  0.002065471
2.317452  0.002065314
2.323677  0.002051661
2.324429  0.002050012
2.326802  0.002044807
2.327607  0.002043042
2.330384  0.002036952
2.330457  0.002036791
2.330519  0.002036656
2.331048  0.002035495
2.331738  0.002033981
2.334042  0.002028928
2.334296  0.002028372
2.33482  0.002027223
2.335039  0.002026743
2.336365  0.002023833
2.338948  0.00201817
2.339604  0.002016731
2.341495  0.002012583
2.34164  0.002012265
2.342923  0.002009999
2.344434  0.002007479
2.345552  0.002005616
2.348339  0.002000969
2.349112  0.00199968
2.350784  0.001996893
2.351118  0.001996336
2.352454  0.001994108
2.352972  0.001993244
2.355522  0.001988992
2.355547  0.00198895
2.356207  0.001987849
2.358084  0.00198472
2.35813  0.001984644
2.360702  0.001980355
2.362064  0.001978085
2.363947  0.001974944
2.368229  0.001967805
2.368265  0.001967744
2.371887  0.001961705
2.374307  0.00195767
2.374491  0.001957364
2.376342  0.001954277
2.376457  0.001954086
2.378895  0.00195002
2.380782  0.001946874
2.385507  0.001938996
2.385744  0.0019386
2.386484  0.001937366
2.386721  0.001936971
2.387394  0.001935849
2.388793  0.001933517
2.390573  0.001930548
2.391074  0.001929713
2.39167  0.00192872
2.393543  0.001925597
2.394808  0.001923487
2.396023  0.001921461
2.399821  0.001915128
2.402011  0.001911476
2.403461  0.001909059
2.403575  0.001908869
2.404273  0.001907705
2.404838  0.001906763
2.407857  0.00190173
2.410041  0.001898089
2.410363  0.001897551
2.410624  0.001897116
2.412085  0.001894679
2.412373  0.0018942
2.413573  0.001892199
2.416186  0.001887841
2.416503  0.001887313
2.419214  0.001882793
2.4211  0.001879647
2.42331  0.001875963
2.426613  0.001870456
2.429554  0.001865526
2.431363  0.001861797
2.433346  0.001857712
2.43419  0.001855971
2.435135  0.001854024
2.43793  0.001848264
2.438045  0.001848028
2.4381  0.001847915
2.438537  0.001847014
2.43874  0.001846596
2.439387  0.001845261
2.439863  0.001844281
2.441214  0.001841498
2.441731  0.001840432
2.44223  0.001839404
2.444691  0.001834331
2.445757  0.001832135
2.448797  0.001825869
2.449259  0.001824918
2.450278  0.001822819
2.453585  0.001816003
2.453926  0.0018153
2.455299  0.00181247
2.455405  0.001812252
2.455743  0.001811555
2.45789  0.001807131
2.458291  0.001806305
2.459933  0.001802922
2.460653  0.001801438
2.462051  0.001798557
2.465448  0.001791557
2.466923  0.001788517
2.46873  0.001784792
2.470336  0.001781484
2.471265  0.001779569
2.476268  0.001769259
2.477913  0.001765869
2.478007  0.001765675
2.480463  0.001760615
2.480893  0.001759728
2.48102  0.001759466
2.481611  0.001758247
2.483613  0.001754122
2.4853  0.001750645
2.485544  0.001750143
2.487205  0.001746719
2.487299  0.001746527
2.487554  0.001746001
2.487842  0.001745408
2.487982  0.001745118
2.488328  0.001744407
2.489881  0.001741205
2.496507  0.001727551
2.49728  0.001725958
2.498388  0.001723674
2.499869  0.001720623
2.500908  0.001718481
2.501332  0.001717608
2.501731  0.001716786
2.505706  0.001708594
2.505835  0.001708329
2.505896  0.001708203
2.506209  0.001707556
2.507335  0.001705237
2.507566  0.001704761
2.508027  0.001703811
2.508194  0.001703466
2.508304  0.001703241
2.509289  0.00170121
2.50998  0.001699785
2.511542  0.001696566
2.511852  0.001695928
2.513832  0.001691847
2.513933  0.001691639
2.514098  0.0016913
2.514349  0.001690782
2.515173  0.001689085
2.516609  0.001686126
2.517726  0.001683824
2.520993  0.001677091
2.52364  0.001671759
2.524744  0.001670487
2.525793  0.001669279
2.525858  0.001669204
2.527699  0.001667084
2.527848  0.001666913
2.529455  0.001665062
2.529712  0.001664766
2.529786  0.001664681
2.531483  0.001662726
2.532648  0.001661385
2.53297  0.001661014
2.533612  0.001660275
2.533965  0.001659868
2.537158  0.00165619
2.53872  0.001654392
2.539658  0.001653312
2.540705  0.001652106
2.542496  0.001650044
2.545159  0.001646977
2.545606  0.001646461
2.54574  0.001646307
2.548126  0.001643559
2.548484  0.001643147
2.550019  0.001641379
2.550805  0.001640474
2.552538  0.001638478
2.55658  0.001633823
2.557861  0.001632347
2.558963  0.001631079
2.559769  0.00163015
2.565035  0.001624086
2.567643  0.001621082
2.568194  0.001620447
2.568257  0.001620375
2.568806  0.001619743
2.575269  0.0016123
2.576093  0.00161135
2.576295  0.001611117
2.577787  0.0016094
2.57971  0.001607185
2.584815  0.001601306
2.584984  0.00160111
2.585085  0.001600995
2.585401  0.001600631
2.585746  0.001600234
2.5862  0.00159971
2.587563  0.001598141
2.587728  0.00159795
2.589746  0.001595627
2.589846  0.001595511
2.590145  0.001595168
2.590943  0.001594248
2.591249  0.001593896
2.592161  0.001592846
2.592642  0.001592292
2.592902  0.001591992
2.594615  0.001590019
2.595603  0.001588881
2.595962  0.001588468
2.596999  0.001587274
2.597711  0.001586453
2.598452  0.0015856
2.598454  0.001585598
2.599549  0.001584337
2.601182  0.001582456
2.602102  0.001581396
2.602412  0.001581039
2.603605  0.001579666
2.604178  0.001579006
2.604919  0.001578152
2.606578  0.001576242
2.607121  0.001575616
2.607344  0.00157536
2.609877  0.001572442
2.610064  0.001572227
2.614566  0.001567042
2.615081  0.001566449
2.615204  0.001566308
2.618027  0.001563056
2.618523  0.001562485
2.61901  0.001561925
2.619943  0.001560827
2.62115  0.001559342
2.623882  0.001555981
2.624594  0.001555104
2.624701  0.001554972
2.624948  0.001554668
2.62805  0.001550851
2.628699  0.001550053
2.629173  0.001549469
2.629563  0.001548989
2.63128  0.001546876
2.631999  0.001545991
2.632255  0.001545677
2.632862  0.001544929
2.63319  0.001544526
2.633956  0.001543583
2.641242  0.001534617
2.641614  0.001534159
2.644191  0.001530989
2.644264  0.001530898
2.644968  0.001530033
2.647154  0.001527343
2.648535  0.001525642
2.649725  0.001524178
2.650655  0.001523034
2.652046  0.001521323
2.654155  0.001518727
2.654178  0.001518699
2.655884  0.001516599
2.657751  0.001514301
2.657787  0.001514258
2.658753  0.001513068
2.659049  0.001512705
2.661596  0.00150957
2.662267  0.001508744
2.664379  0.001506145
2.665102  0.001505256
2.665406  0.001504882
2.666543  0.001503482
2.669882  0.001499374
2.672326  0.001496366
2.673657  0.001494728
2.674467  0.001493731
2.674754  0.001493378
2.675092  0.001492962
2.675176  0.001492859
2.675285  0.001492725
2.675473  0.001492494
2.675842  0.001492039
2.677642  0.001489825
2.679469  0.001487576
2.680924  0.001485785
2.683315  0.001482843
2.685162  0.00148057
2.686048  0.00147948
2.689818  0.001474841
2.689982  0.001474639
2.690905  0.001473503
2.692966  0.001470967
2.693173  0.001470713
2.694413  0.001469187
2.69442  0.001469178
2.696291  0.001466876
2.698004  0.001464767
2.700544  0.001461642
2.700749  0.00146139
2.700852  0.001461262
2.701762  0.001460142
2.703014  0.001458602
2.704335  0.001456976
2.705443  0.001455613
2.705828  0.001455139
2.706511  0.001454299
2.70893  0.001451322
2.709086  0.00145113
2.711353  0.00144834
2.711776  0.001447821
2.712479  0.001446954
2.712916  0.001446418
2.71314  0.001446142
2.721917  0.001435341
2.724701  0.001431915
2.725926  0.001430407
2.726959  0.001429136
2.727534  0.001428428
2.728791  0.001426882
2.73048  0.001424804
2.732651  0.001422132
2.734328  0.001420068
2.736271  0.001417677
2.736793  0.001417035
2.737505  0.001416159
2.737787  0.001415811
2.740171  0.001412878
2.741122  0.001411708
2.742173  0.001410414
2.743243  0.001409098
2.743426  0.001408873
2.744287  0.001408033
2.748636  0.001404059
2.748924  0.001403797
2.752603  0.001400434
2.757884  0.001395609
2.75941  0.001394214
2.760183  0.001393508
2.760502  0.001393216
2.760513  0.001393206
2.761027  0.001392736
2.762365  0.001391514
2.762499  0.001391392
2.765879  0.001388303
2.767739  0.001386603
2.769892  0.001384636
2.770208  0.001384347
2.770858  0.001383753
2.775451  0.001379556
2.777684  0.001377516
2.778237  0.00137701
2.778352  0.001376905
2.778373  0.001376886
2.778621  0.00137666
2.785035  0.001370798
2.785292  0.001370563
2.78536  0.001370502
2.785767  0.00137013
2.791619  0.001364782
2.792011  0.001364424
2.792669  0.001363822
2.795052  0.001361645
2.795219  0.001361492
2.795967  0.001360809
2.796009  0.00136077
2.797386  0.001359512
2.798237  0.001358734
2.801402  0.001355842
2.802308  0.001355014
2.804365  0.001353135
2.809792  0.001348175
2.811138  0.001346945
2.812339  0.001345848
2.819549  0.00133926
2.820233  0.001338634
2.820449  0.001338437
2.822854  0.00133624
2.823071  0.001336041
2.826985  0.001332464
2.827319  0.001332159
2.828155  0.001331396
2.82873  0.00133087
2.829694  0.001329989
2.830359  0.001329381
2.831564  0.00132828
2.832265  0.00132764
2.834676  0.001325436
2.834819  0.001325306
2.834916  0.001325217
2.837948  0.001322447
2.839126  0.00132137
2.839859  0.001320701
2.840263  0.001320331
2.84197  0.001318772
2.844053  0.001316868
2.845756  0.001315312
2.847699  0.001313536
2.84799  0.001313271
2.848727  0.001312597
2.849372  0.001312008
2.854588  0.001307241
2.857826  0.001304282
2.858215  0.001303927
2.858552  0.001303619
2.858945  0.00130326
2.859039  0.001303174
2.863309  0.001299272
2.86567  0.001297114
2.866712  0.001296162
2.867032  0.00129587
2.867375  0.001295556
2.867774  0.001295192
2.869876  0.001293271
2.869931  0.001293221
2.87026  0.00129292
2.871168  0.00129209
2.872954  0.001290458
2.874519  0.001289029
2.875959  0.001287712
2.877433  0.001286365
2.879899  0.001284112
2.882719  0.001281535
2.884368  0.001280029
2.885405  0.001279163
2.886329  0.001278414
2.886636  0.001278165
2.891477  0.001274242
2.894621  0.001271694
2.894963  0.001271417
2.895897  0.00127066
2.896569  0.001270116
2.898169  0.001268819
2.901841  0.001265843
2.902104  0.00126563
2.90267  0.001265172
2.90341  0.001264572
2.903558  0.001264452
2.905749  0.001262677
2.909804  0.001259391
2.911467  0.001258043
2.911756  0.001257809
2.912024  0.001257592
2.912101  0.001257529
2.921219  0.001250141
2.923653  0.001248169
2.924198  0.001247727
2.924643  0.001247366
2.929868  0.001243132
2.93103  0.00124219
2.931817  0.001241553
2.933036  0.001240565
2.933099  0.001240514
2.933195  0.001240437
2.933799  0.001239947
2.933956  0.00123982
2.936807  0.00123751
2.937121  0.001237255
2.937187  0.001237201
2.93795  0.001236583
2.94012  0.001234825
2.940891  0.0012342
2.941641  0.001233592
2.944999  0.001230871
2.946067  0.001230006
2.948041  0.001228406
2.948542  0.001228
2.949067  0.001227575
2.949347  0.001227347
2.949403  0.001227302
2.950949  0.001226049
2.951114  0.001225916
2.953022  0.00122437
2.953046  0.00122435
2.954527  0.00122315
2.955937  0.001222008
2.957026  0.001221125
2.957966  0.001220364
2.958039  0.001220304
2.961206  0.001217738
2.961595  0.001217423
2.962471  0.001216713
2.963746  0.001215679
2.967176  0.001212901
2.968126  0.001212131
2.96864  0.001211714
2.970035  0.001210583
2.970865  0.001209911
2.97162  0.001209299
2.972333  0.001208721
2.974406  0.001207041
2.975341  0.001206284
2.975813  0.001205901
2.976906  0.001205016
2.977734  0.001204345
2.978465  0.001203752
2.9788  0.001203481
2.978915  0.001203388
2.979002  0.001203317
2.979732  0.001202726
2.979997  0.001202511
2.981438  0.001201344
2.981638  0.001201181
2.982345  0.001200608
2.983009  0.00120007
2.986387  0.001197333
2.986683  0.001197093
2.989166  0.001195081
2.991717  0.001193014
2.992813  0.001192125
2.994959  0.001190387
2.996784  0.001188908
2.997229  0.001188547
2.998408  0.001187592
2.999276  0.001186889
3.000384  0.001185991
3.001411  0.001185158
3.001797  0.001184845
3.003026  0.00118385
3.0033  0.001183627
3.003664  0.001183333
3.004418  0.001182722
3.008535  0.001179386
3.009029  0.001178985
3.014354  0.00117467
3.01607  0.001173279
3.016268  0.001173119
3.016652  0.001172808
3.016904  0.001172604
3.017798  0.001171879
3.017959  0.001171749
3.022113  0.001168771
3.022987  0.001168179
3.023484  0.001167844
3.024793  0.001166959
3.027495  0.001165133
3.028062  0.00116475
3.028084  0.001164735
3.029151  0.001164014
3.03014  0.001163346
3.034268  0.001160555
3.03873  0.00115754
3.039046  0.001157326
3.043663  0.001154206
3.043933  0.001154023
3.045637  0.001152872
3.047731  0.001151457
3.048839  0.001150708
3.050607  0.001149513
3.05064  0.001149491
3.052507  0.001148229
3.054059  0.00114718
3.054611  0.001146807
3.0575  0.001144855
3.058013  0.001144508
3.059864  0.001143257
3.061017  0.001142478
3.061594  0.001142088
3.063557  0.001140761
3.06399  0.001140468
3.06415  0.00114036
3.065932  0.001139156
3.066955  0.001138465
3.071505  0.001135389
3.072435  0.001134761
3.072513  0.001134708
3.074131  0.001133615
3.075789  0.001132494
3.076399  0.001132082
3.077993  0.001131005
3.078022  0.001130985
3.078105  0.001130929
3.078258  0.001130826
3.078416  0.001130719
3.078603  0.001130592
3.079625  0.001129902
3.079641  0.001129891
3.081515  0.001128624
3.081989  0.001128304
3.083101  0.001127553
3.08337  0.001127371
3.08432  0.001126729
3.084575  0.001126556
3.084704  0.001126469
3.084896  0.001126339
3.088664  0.001123793
3.090181  0.001122767
3.092768  0.001121019
3.093174  0.001120745
3.094685  0.001119723
3.096529  0.001118477
3.096536  0.001118473
3.097025  0.001118142
3.097774  0.001117636
3.098432  0.001117191
3.098811  0.001116935
3.098915  0.001116865
3.100167  0.001116018
3.101508  0.001115112
3.101651  0.001115016
3.104135  0.001113337
3.10429  0.001113232
3.104489  0.001113098
3.106973  0.001111419
3.107079  0.001111347
3.107089  0.001111341
3.107699  0.001110928
3.108269  0.001110543
3.110204  0.001109235
3.110287  0.001109179
3.111922  0.001108074
3.113804  0.001106802
3.115597  0.00110559
3.116234  0.00110516
3.116264  0.00110514
3.116874  0.001104728
3.121606  0.001101529
3.124663  0.001099463
3.124693  0.001099443
3.125293  0.001099037
3.127044  0.001097854
3.129752  0.001096024
3.130398  0.001095587
3.131849  0.001094607
3.133291  0.001093632
3.134734  0.001092657
3.135574  0.001092089
3.136257  0.001091627
3.137814  0.001090576
3.138226  0.001090297
3.139455  0.001089467
3.142037  0.001087721
3.144287  0.001086201
3.14543  0.001085428
3.145858  0.001085139
3.146136  0.001084951
3.146483  0.001084717
3.147759  0.001083854
3.148942  0.001083055
3.150168  0.001082226
3.153092  0.00108025
3.154466  0.001079321
3.155474  0.00107864
3.155696  0.00107849
3.157127  0.001077717
3.158488  0.001077028
3.160158  0.001076182
3.16083  0.001075842
3.161767  0.001075367
3.162501  0.001074995
3.162936  0.001074775
3.164005  0.001074234
3.166312  0.001073065
3.167085  0.001072674
3.167566  0.00107243
3.170127  0.001071133
3.170434  0.001070978
3.170436  0.001070977
3.170839  0.001070773
3.171644  0.001070365
3.172877  0.001069741
3.17331  0.001069521
3.17492  0.001068706
3.17972  0.001066275
3.180157  0.001066054
3.181452  0.001065398
3.181484  0.001065382
3.183222  0.001064501
3.183538  0.001064342
3.187587  0.001062291
3.188325  0.001061917
3.189845  0.001061148
3.19085  0.001060639
3.192345  0.001059881
3.192661  0.001059721
3.192773  0.001059664
3.194885  0.001058595
3.199076  0.001056473
3.199547  0.001056234
3.200176  0.001055915
3.200331  0.001055837
3.201165  0.001055415
3.203635  0.001054164
3.203738  0.001054112
3.205894  0.00105302
3.207764  0.001052072
3.208014  0.001051946
3.208653  0.001051622
3.209658  0.001051114
3.210349  0.001050764
3.210642  0.001050615
3.211067  0.0010504
3.212676  0.001049585
3.214657  0.001048582
3.215835  0.001047985
3.216448  0.001047675
3.217113  0.001047338
3.219315  0.001046223
3.221257  0.00104524
3.221402  0.001045166
3.221488  0.001045122
3.221903  0.001044912
3.222915  0.0010444
3.224141  0.001043779
3.224361  0.001043667
3.22728  0.001042189
3.227689  0.001041982
3.228285  0.00104168
3.228863  0.001041388
3.229265  0.001041184
3.229439  0.001041096
3.231921  0.001039839
3.234284  0.001038642
3.236541  0.001037499
3.238021  0.001036749
3.24236  0.001034552
3.244868  0.001033282
3.245327  0.001033049
3.249241  0.001031068
3.249477  0.001030948
3.253189  0.001029068
3.254718  0.001028294
3.255473  0.001027911
3.256501  0.001027391
3.259203  0.001026022
3.266774  0.001022188
3.267084  0.001022031
3.268535  0.001021296
3.269548  0.001020784
3.270526  0.001020288
3.27063  0.001020235
3.270652  0.001020224
3.272124  0.001019479
3.272349  0.001019365
3.273522  0.001018771
3.274358  0.001018347
3.27514  0.001017951
3.281129  0.001014918
3.282652  0.001014147
3.28389  0.00101352
3.284898  0.00101301
3.285179  0.001012867
3.286951  0.00101197
3.287228  0.00101183
3.288341  0.001011266
3.289055  0.001010904
3.290137  0.001010357
3.291146  0.001009845
3.291596  0.001009618
3.293586  0.00100861
3.29369  0.001008557
3.295695  0.001007542
3.296496  0.001007136
3.29723  0.001006781
3.299627  0.001005741
3.300414  0.0010054
3.300645  0.0010053
3.301983  0.001004719
3.3071  0.0010025
3.310294  0.001001115
3.310407  0.001001067
3.313237  0.0009998394
3.314135  0.0009994503
3.314708  0.0009992015
3.316771  0.0009983074
3.317328  0.0009980656
3.322742  0.000995718
3.3237  0.0009953025
3.324669  0.0009948823
3.324697  0.0009948702
3.325057  0.0009947141
3.325424  0.0009945553
3.326153  0.0009942389
3.327354  0.0009937182
3.328573  0.0009931896
3.331886  0.0009917529
3.332646  0.0009914237
3.334598  0.0009905769
3.334821  0.0009904804
3.335852  0.0009900336
3.338212  0.0009890102
3.338388  0.0009889337
3.339218  0.0009885737
3.340455  0.0009880374
3.34101  0.0009877968
3.341262  0.0009876875
3.343184  0.000986854
3.343448  0.0009867396
3.344024  0.0009864897
3.344928  0.000986098
3.346191  0.0009855502
3.346915  0.0009852362
3.347396  0.0009850278
3.350651  0.0009836165
3.351286  0.0009833411
3.353291  0.0009824717
3.355079  0.0009816965
3.357596  0.0009806047
3.360147  0.0009794988
3.360515  0.0009793393
3.362291  0.0009785692
3.363489  0.0009780497
3.365479  0.0009771866
3.365858  0.0009770223
3.36816  0.0009760244
3.368279  0.0009759726
3.368491  0.0009758805
3.369044  0.0009756407
3.369991  0.0009752301
3.370464  0.0009750249
3.371042  0.0009747747
3.372  0.0009743593
3.37249  0.0009741468
3.372734  0.000974041
3.374207  0.000973402
3.375905  0.0009726659
3.376727  0.0009723093
3.380731  0.0009705734
3.381758  0.0009701277
3.383467  0.000969387
3.388508  0.000967201
3.388949  0.0009670098
3.390139  0.0009664936
3.390578  0.0009663033
3.395014  0.0009643799
3.395293  0.0009642591
3.395667  0.0009640969
3.396226  0.0009638544
3.399575  0.000962402
3.405503  0.0009598318
3.407905  0.0009587904
3.407978  0.0009587584
3.41238  0.0009568497
3.412613  0.0009567488
3.413765  0.0009562491
3.415979  0.0009552891
3.416434  0.0009550918
3.417719  0.0009545345
3.418397  0.0009542408
3.421982  0.000952686
3.422424  0.0009524947
3.423147  0.0009521808
3.429752  0.000949317
3.430089  0.0009491711
3.430464  0.0009490085
3.431929  0.0009483732
3.436117  0.000946587
3.436953  0.0009463384
3.439049  0.0009457148
3.440031  0.0009454227
3.440675  0.0009452313
3.441371  0.0009450241
3.443174  0.0009444879
3.443623  0.0009443543
3.444145  0.0009441991
3.445527  0.000943788
3.446992  0.0009433521
3.447571  0.0009431798
3.448574  0.0009428815
3.448927  0.0009427766
3.451279  0.000942077
3.451635  0.000941971
3.451738  0.0009419404
3.452252  0.0009417876
3.453493  0.0009414184
3.455271  0.0009408895
3.457438  0.000940245
3.458901  0.00093981
3.460299  0.000939394
3.462001  0.0009388877
3.462257  0.0009388115
3.462606  0.0009387078
3.463585  0.0009384165
3.463862  0.0009383342
3.466289  0.0009376124
3.466712  0.0009374864
3.466862  0.0009374417
3.468476  0.0009369618
3.470628  0.0009363217
3.471881  0.0009359491
3.473249  0.0009355421
3.473891  0.0009353512
3.47599  0.0009347268
3.476028  0.0009347154
3.479285  0.0009337467
3.480073  0.0009335122
3.48277  0.0009327101
3.483547  0.0009324787
3.484263  0.000932266
3.486094  0.0009317212
3.48812  0.0009311185
3.48813  0.0009311155
3.488486  0.0009310098
3.489214  0.0009307932
3.489431  0.0009307285
3.489494  0.0009307099
3.489714  0.0009306444
3.492451  0.0009298303
3.492877  0.0009297036
3.495058  0.0009290548
3.495201  0.0009290124
3.495203  0.0009290117
3.496221  0.0009287091
3.496408  0.0009286532
3.497433  0.0009283484
3.498631  0.0009279921
3.502748  0.0009267677
3.50577  0.0009258686
3.506184  0.0009257455
3.506397  0.000925682
3.508518  0.0009250513
3.509667  0.0009247094
3.51014  0.0009245686
3.511234  0.0009242433
3.518528  0.0009220738
3.520988  0.0009213419
3.521974  0.0009210487
3.522765  0.0009208135
3.523727  0.0009205273
3.526881  0.0009195891
3.527234  0.0009194843
3.528832  0.0009190089
3.53209  0.0009180396
3.533121  0.0009177329
3.533291  0.0009176824
3.534626  0.0009172854
3.534838  0.0009172223
3.535462  0.0009170369
3.535645  0.0009169823
3.538049  0.0009162673
3.540162  0.0009156388
3.541043  0.0009153765
3.543791  0.0009145592
3.54524  0.0009141283
3.545689  0.0009139946
3.548802  0.0009130688
3.549124  0.000912973
3.550964  0.0009124256
3.551165  0.0009123658
3.551755  0.0009121904
3.551807  0.0009121749
3.554175  0.0009114705
3.554311  0.00091143
3.554629  0.0009113355
3.555022  0.0009112187
3.555717  0.0009110118
3.556439  0.0009107971
3.558273  0.0009102516
3.558735  0.0009101142
3.559131  0.0009099964
3.561565  0.0009092722
3.561594  0.0009092636
3.562325  0.0009090462
3.562839  0.0009088935
3.564507  0.0009083464
3.565639  0.0009078667
3.565787  0.0009078037
3.565932  0.0009077425
3.567316  0.0009071558
3.569029  0.0009064301
3.569167  0.0009063718
3.569866  0.0009060755
3.572518  0.0009049516
3.573672  0.0009044628
3.575325  0.0009037622
3.576318  0.0009033415
3.576318  0.0009033415
3.576504  0.0009032627
3.577234  0.0009029537
3.578397  0.0009024606
3.579113  0.0009021575
3.580772  0.0009014543
3.581704  0.0009010593
3.582862  0.0009005689
3.584684  0.000899797
3.584728  0.0008997782
3.584896  0.0008997068
3.585249  0.0008995574
3.586641  0.0008989676
3.586804  0.0008988985
3.587062  0.0008987893
3.58809  0.0008983537
3.59047  0.000897345
3.591082  0.0008970859
3.593635  0.0008960042
3.5946  0.0008955951
3.594809  0.0008955065
3.595434  0.0008952417
3.596097  0.0008949608
3.596733  0.0008946914
3.600012  0.000893302
3.603492  0.0008918274
3.605545  0.0008909576
3.605711  0.0008908871
3.606409  0.0008905913
3.607037  0.0008903253
3.609282  0.0008893741
3.609801  0.0008891542
3.610199  0.0008889854
3.610531  0.0008888448
3.610603  0.0008888143
3.613632  0.0008875307
3.613735  0.0008874873
3.613916  0.0008874104
3.61503  0.0008869387
3.616994  0.0008861065
3.61705  0.0008860824
3.620463  0.0008846366
3.620895  0.0008844533
3.623769  0.0008832354
3.623797  0.0008832237
3.624615  0.000882877
3.624852  0.0008827766
3.626143  0.0008822296
3.626577  0.0008820456
3.627487  0.0008816604
3.62846  0.0008812479
3.630668  0.0008803125
3.631059  0.0008801466
3.632182  0.0008796707
3.633967  0.0008789146
3.634712  0.0008785986
3.636048  0.0008780329
3.638796  0.0008768684
3.639802  0.0008764419
3.640564  0.0008761191
3.641392  0.0008757685
3.642666  0.0008752285
3.642744  0.0008751956
3.643261  0.0008749765
3.644329  0.0008745239
3.647112  0.0008733446
3.649544  0.0008723141
3.650194  0.0008720389
3.651565  0.0008714579
3.655219  0.0008699095
3.655316  0.0008698683
3.655527  0.0008697791
3.659825  0.0008679581
3.661268  0.0008673463
3.661401  0.0008672903
3.663698  0.0008663167
3.663797  0.0008662748
3.665753  0.0008657451
3.666091  0.0008656844
3.666507  0.0008656098
3.668341  0.0008652811
3.668738  0.0008652099
3.669195  0.0008651279
3.669749  0.0008650286
3.669885  0.0008650042
3.674909  0.0008641036
3.676007  0.0008639068
3.676475  0.0008638228
3.676983  0.0008637318
3.678047  0.000863541
3.678776  0.0008634103
3.679814  0.0008632242
3.679896  0.0008632095
3.67997  0.0008631963
3.680051  0.0008631818
3.682012  0.0008628301
3.683027  0.0008626482
3.683756  0.0008625175
3.684106  0.0008624547
3.684477  0.0008623881
3.685279  0.0008622444
3.685313  0.0008622384
3.686562  0.0008620144
3.687191  0.0008619016
3.688127  0.0008617338
3.688385  0.0008616876
3.689675  0.0008614564
3.691787  0.0008610776
3.69257  0.0008609372
3.693041  0.000860853
3.693526  0.0008607659
3.693928  0.0008606939
3.695622  0.0008603902
3.696243  0.0008602789
3.696724  0.0008601926
3.698109  0.0008599443
3.703536  0.0008589713
3.704039  0.0008588813
3.704062  0.0008588771
3.704553  0.0008587891
3.7066  0.000858422
3.707663  0.0008582315
3.709694  0.0008578674
3.711398  0.0008575619
3.713029  0.0008572695
3.713543  0.0008571773
3.713645  0.000857159
3.715583  0.0008568115
3.716379  0.000856669
3.716494  0.0008566483
3.717798  0.0008564145
3.718574  0.0008562754
3.719604  0.0008560908
3.719828  0.0008560505
3.720209  0.0008559822
3.722393  0.0008555906
3.722764  0.0008555242
3.723883  0.0008553235
3.724275  0.0008552533
3.725778  0.0008549838
3.727282  0.0008547143
3.72762  0.0008546537
3.728117  0.0008545645
3.728127  0.0008545627
3.72965  0.0008542897
3.730814  0.000854081
3.731707  0.0008539208
3.732495  0.0008537796
3.732515  0.000853776
3.733637  0.0008535748
3.734237  0.0008534673
3.734963  0.0008533371
3.735909  0.0008531676
3.738562  0.0008526919
3.738747  0.0008526588
3.739192  0.0008525791
3.740574  0.0008523313
3.740765  0.000852297
3.741095  0.0008522378
3.741233  0.000852213
3.741912  0.0008520913
3.742743  0.0008519424
3.743716  0.000851768
3.743813  0.0008517506
3.744816  0.0008515707
3.746271  0.0008513098
3.747174  0.0008511481
3.750092  0.0008506249
3.75102  0.0008504585
3.751458  0.00085038
3.753702  0.0008499776
3.753892  0.0008499436
3.756004  0.0008495649
3.756709  0.0008494386
3.757984  0.0008492099
3.759154  0.0008490002
3.760558  0.0008487486
3.761541  0.0008485722
3.761854  0.0008485162
3.762804  0.0008483458
3.763623  0.0008482366
3.764773  0.0008480843
3.765929  0.0008479312
3.767534  0.0008477186
3.770401  0.0008473389
3.77533  0.0008466861
3.775914  0.0008466087
3.779054  0.0008461929
3.779924  0.0008460777
3.780922  0.0008459455
3.782719  0.0008457075
3.784779  0.0008454346
3.786009  0.0008452718
3.786614  0.0008451917
3.787579  0.0008450639
3.787883  0.0008450236
3.788612  0.000844927
3.789614  0.0008447943
3.790207  0.0008447158
3.791177  0.0008445872
3.79214  0.0008444597
3.792455  0.000844418
3.792917  0.0008443569
3.794693  0.0008441216
3.795085  0.0008440697
3.795539  0.0008440096
3.796215  0.0008439201
3.796744  0.0008438499
3.798408  0.0008436295
3.80177  0.0008431843
3.802824  0.0008430447
3.80287  0.0008430386
3.804295  0.0008428499
3.805588  0.0008426787
3.805631  0.0008426729
3.80651  0.0008425565
3.806728  0.0008425276
3.808594  0.0008422805
3.809046  0.0008422206
3.81086  0.0008419804
3.810991  0.0008419631
3.811939  0.0008418375
3.813141  0.0008416783
3.81469  0.0008414732
3.816834  0.0008411892
3.817193  0.0008411416
3.820823  0.0008406609
3.82114  0.0008406189
3.821771  0.0008405353
3.823435  0.0008403149
3.823585  0.0008402951
3.825416  0.0008400526
3.826011  0.0008399737
3.829103  0.0008395643
3.831271  0.0008392771
3.831315  0.0008392714
3.831681  0.0008392228
3.834786  0.0008388116
3.835465  0.0008387216
3.83728  0.0008384813
3.837824  0.0008384093
3.838253  0.0008383524
3.838356  0.0008383388
3.844061  0.0008375831
3.848146  0.0008370421
3.850073  0.0008367869
3.851704  0.0008365709
3.853501  0.0008363329
3.854352  0.0008362202
3.854738  0.0008361691
3.854973  0.0008361379
3.85515  0.0008361146
3.855235  0.0008361033
3.855801  0.0008360283
3.857354  0.0008358226
3.859904  0.0008354849
3.860968  0.000835344
3.861437  0.0008352818
3.862589  0.0008351292
3.863898  0.0008349559
3.867222  0.0008345156
3.870405  0.0008340941
3.872356  0.0008338357
3.873743  0.000833652
3.876135  0.0008333352
3.878279  0.0008330512
3.880696  0.0008327311
3.883369  0.0008323771
3.887599  0.0008318169
3.892315  0.0008311923
3.893455  0.0008310562
3.893533  0.0008310499
3.894513  0.0008309701
3.895175  0.0008309161
3.895423  0.0008308959
3.895515  0.0008308884
3.895688  0.0008308743
3.89601  0.0008308481
3.901264  0.0008304202
3.901311  0.0008304163
3.902329  0.0008303334
3.902511  0.0008303186
3.902621  0.0008303096
3.903426  0.000830244
3.904504  0.0008301562
3.905964  0.0008300373
3.906422  0.00083
3.909154  0.0008297775
3.909417  0.0008297561
3.911241  0.0008296075
3.912339  0.000829518
3.914809  0.0008293168
3.915169  0.0008292876
3.91741  0.000829105
3.917654  0.0008290851
3.91842  0.0008290227
3.91844  0.0008290211
3.919264  0.000828954
3.919635  0.0008289237
3.921549  0.0008287679
3.921606  0.0008287633
3.922504  0.0008286901
3.922694  0.0008286746
3.925695  0.0008284302
3.925747  0.0008284259
3.927935  0.0008282477
3.928104  0.0008282339
3.928878  0.0008281709
3.9292  0.0008281447
3.931303  0.0008279734
3.932268  0.0008278948
3.932992  0.0008278358
3.934346  0.0008277255
3.934369  0.0008277236
3.934725  0.0008276946
3.935576  0.0008276253
3.935595  0.0008276238
3.936878  0.0008275193
3.938227  0.0008274094
3.938947  0.0008273508
3.940863  0.0008271947
3.940912  0.0008271907
3.943614  0.0008269706
3.945719  0.0008267991
3.946708  0.0008267185
3.946742  0.0008267158
3.947372  0.0008266645
3.947484  0.0008266554
3.949252  0.0008265114
3.951335  0.0008263417
3.951987  0.0008262886
3.952385  0.0008262562
3.9548  0.0008260594
3.955407  0.00082601
3.956186  0.0008259466
3.95665  0.0008259087
3.957441  0.0008258443
3.957647  0.0008258276
3.957771  0.0008258174
3.960276  0.0008256134
3.960924  0.0008255606
3.964233  0.0008252911
3.965262  0.0008252073
3.968611  0.0008249345
3.96867  0.0008249297
3.969071  0.0008248971
3.969346  0.0008248746
3.970652  0.0008247683
3.970896  0.0008247484
3.971346  0.0008247118
3.973175  0.0008245628
3.974147  0.0008244836
3.975718  0.0008243557
3.977986  0.0008241709
3.981299  0.0008239011
3.981434  0.00082389
3.982135  0.0008238329
3.986146  0.0008235062
3.986454  0.0008234812
3.987162  0.0008234234
3.989881  0.000823202
3.989965  0.0008231952
3.990122  0.0008231824
3.991737  0.0008230508
3.993094  0.0008229403
3.995383  0.0008227538
3.9956  0.0008227362
3.997345  0.000822594
3.998209  0.0008225237
3.999926  0.0008223838
4.001395  0.0008222642
4.003207  0.0008221165
4.003528  0.0008220904
4.004924  0.0008219767
4.005753  0.0008219092
4.005897  0.0008218974
4.00683  0.0008218214
4.008375  0.0008216956
4.008883  0.0008216543
4.009156  0.000821632
4.010109  0.0008215543
4.01079  0.0008214989
4.011114  0.0008214725
4.011297  0.0008214576
4.014144  0.0008212257
4.014154  0.0008212249
4.015418  0.0008211219
4.016094  0.0008210669
4.01745  0.0008209564
4.017689  0.000820937
4.020587  0.0008207009
4.021506  0.000820626
4.021866  0.0008205967
4.023363  0.0008204747
4.025521  0.000820299
4.02606  0.0008202551
4.0264  0.0008202274
4.026687  0.000820204
4.030199  0.000819918
4.030477  0.0008198953
4.032143  0.0008197566
4.032431  0.0008197235
4.033563  0.0008195936
4.034311  0.0008195076
4.035844  0.0008193317
4.036493  0.0008192572
4.036535  0.0008192523
4.036725  0.0008192305
4.03877  0.0008189958
4.041741  0.0008186546
4.042908  0.0008185206
4.042991  0.0008185111
4.043848  0.0008184127
4.045417  0.0008182326
4.045517  0.0008182212
4.047009  0.0008180498
4.047466  0.0008179973
4.047724  0.0008179677
4.049182  0.0008178003
4.049479  0.0008177663
4.050464  0.0008176531
4.050499  0.0008176491
4.052181  0.0008174561
4.053286  0.0008173292
4.05463  0.0008171749
4.056012  0.0008170163
4.056578  0.0008169513
4.058581  0.0008167212
4.059045  0.0008166681
4.059077  0.0008166644
4.059357  0.0008166322
4.059363  0.0008166315
4.061198  0.0008164209
4.062566  0.0008162638
4.064845  0.0008160021
4.069347  0.0008154853
4.071158  0.0008152773
4.071276  0.0008152638
4.071913  0.0008151906
4.074192  0.000814929
4.074724  0.000814868
4.076611  0.0008146514
4.077094  0.0008145959
4.080449  0.0008142107
4.081874  0.0008140471
4.08314  0.0008139018
4.083159  0.0008138996
4.083774  0.0008138289
4.083797  0.0008138263
4.084225  0.0008137772
4.087502  0.000813401
4.087638  0.0008133854
4.088662  0.0008132678
4.089262  0.0008131989
4.090066  0.0008131065
4.091186  0.000812978
4.092045  0.0008128794
4.092686  0.0008128058
4.092699  0.0008128043
4.093724  0.0008126866
4.095443  0.0008124893
4.099116  0.0008120676
4.09974  0.0008119959
4.100421  0.0008119178
4.101655  0.0008117761
4.102282  0.0008117041
4.103673  0.0008115444
4.107015  0.0008111607
4.10747  0.0008111084
4.110605  0.0008107485
4.113839  0.0008103773
4.113857  0.0008103752
4.114447  0.0008103075
4.114643  0.000810285
4.114798  0.0008102672
4.122162  0.0008094218
4.122236  0.0008094132
4.122255  0.0008094111
4.123989  0.000809212
4.125391  0.0008090511
4.127705  0.0008087853
4.127879  0.0008087654
4.130931  0.0008084149
4.133321  0.0008081406
4.133501  0.0008081199
4.134041  0.000808058
4.135418  0.0008078999
4.135615  0.0008078772
4.13646  0.0008077802
4.136713  0.0008077512
4.137268  0.0008076875
4.138068  0.0008075956
4.139401  0.0008074426
4.140751  0.0008072876
4.141336  0.0008072204
4.14185  0.0008071614
4.143051  0.0008070235
4.143788  0.0008069389
4.144372  0.0008068719
4.14617  0.0008066654
4.147694  0.0008064904
4.147733  0.0008064861
4.14903  0.0008063371
4.150762  0.0008061382
4.151624  0.0008060393
4.152032  0.0008059925
4.152134  0.0008059807
4.154854  0.0008056684
4.155122  0.0008056377
4.15521  0.0008056276
4.156257  0.0008055073
4.157112  0.0008054092
4.157875  0.0008053216
4.158574  0.0008052414
4.159335  0.000805154
4.159616  0.0008051217
4.163491  0.0008046768
4.16388  0.0008046322
4.164484  0.0008045629
4.167024  0.0008042713
4.168258  0.0008041296
4.168594  0.000804091
4.17003  0.0008039261
4.170708  0.0008038483
4.171682  0.0008037365
4.173015  0.0008035835
4.173943  0.0008034769
4.175246  0.0008033273
4.178802  0.0008029123
4.180206  0.0008027445
4.182241  0.0008025013
4.183161  0.0008023914
4.183559  0.0008023438
4.184462  0.0008022359
4.18846  0.0008017581
4.191379  0.0008014092
4.192607  0.0008012625
4.193273  0.000801183
4.195629  0.0008009015
4.19593  0.0008008655
4.196588  0.0008007868
4.197054  0.0008007311
4.198411  0.000800569
4.206221  0.0007996357
4.206957  0.0007995478
4.207749  0.0007994531
4.209402  0.0007992555
4.209749  0.000799214
4.210381  0.0007991386
4.211584  0.0007989948
4.213692  0.0007987429
4.213877  0.0007987208
4.22105  0.0007978636
4.221706  0.0007977852
4.222679  0.000797669
4.224268  0.0007974791
4.224381  0.0007974655
4.225539  0.0007973271
4.225792  0.000797297
4.230709  0.0007967093
4.231681  0.0007965932
4.233465  0.00079638
4.234895  0.0007962092
4.236809  0.0007959804
4.237008  0.0007959567
4.238746  0.0007957489
4.239337  0.0007956784
4.239701  0.0007956348
4.239927  0.0007956078
4.240923  0.0007954887
4.24093  0.0007954879
4.240952  0.0007954853
4.241026  0.0007954764
4.241299  0.0007954439
4.243047  0.000795235
4.244713  0.0007950359
4.246416  0.0007948324
4.246463  0.0007948267
4.248256  0.0007946125
4.24966  0.0007944447
4.250489  0.0007943457
4.251221  0.0007942582
4.25404  0.0007939213
4.257361  0.0007935245
4.258391  0.0007934014
4.260427  0.0007931581
4.26078  0.0007931158
4.260845  0.000793108
4.263246  0.0007928212
4.26381  0.0007927537
4.26392  0.0007927406
4.265129  0.0007925962
4.265538  0.0007925473
4.266539  0.0007924276
4.266576  0.0007924232
4.26767  0.0007922925
4.270879  0.000791909
4.271581  0.0007918252
4.271816  0.0007917971
4.271876  0.0007917899
4.273197  0.000791632
4.275844  0.0007913157
4.278098  0.0007910464
4.278226  0.0007910311
4.278896  0.000790951
4.279063  0.0007909311
4.280578  0.00079075
4.282803  0.0007904841
4.283025  0.0007904576
4.284876  0.0007902364
4.285607  0.0007901491
4.285801  0.0007901258
4.290002  0.0007896238
4.290374  0.0007895794
4.291404  0.0007894563
4.291409  0.0007894557
4.294325  0.0007891072
4.295748  0.0007889372
4.296071  0.0007888986
4.297994  0.0007886688
4.299751  0.0007884588
4.300752  0.0007883392
4.302085  0.00078818
4.302299  0.0007881543
4.302601  0.0007881182
4.302644  0.0007881131
4.30315  0.0007880526
4.304189  0.0007879285
4.30464  0.0007878746
4.304662  0.000787872
4.306586  0.000787642
4.308266  0.0007874413
4.309025  0.0007873505
4.309101  0.0007873414
4.310492  0.0007871752
4.312234  0.0007869671
4.316477  0.0007867438
4.316986  0.0007867438
4.321299  0.0007867438
4.32232  0.0007867438
4.323627  0.0007867438
4.324483  0.0007867438
4.329701  0.0007867438
4.331749  0.0007867438
4.332935  0.0007867438
4.334637  0.0007867438
4.33571  0.0007867438
4.336771  0.0007867438
4.337111  0.0007867438
4.337332  0.0007867438
4.337384  0.0007867438
4.340798  0.0007867438
4.341984  0.0007867438
4.343737  0.0007867438
4.344014  0.0007867438
4.344927  0.0007867438
4.345802  0.0007867438
4.346502  0.0007867438
4.347307  0.0007867438
4.347926  0.0007867438
4.350441  0.0007867438
4.350989  0.0007867438
4.351837  0.0007867438
4.351927  0.0007867438
4.354106  0.0007867438
4.355094  0.0007867438
4.355153  0.0007867438
4.357415  0.0007867438
4.358597  0.0007867438
4.35879  0.0007867438
4.363608  0.0007867438
4.363961  0.0007867438
4.364584  0.0007867438
4.365233  0.0007867438
4.365435  0.0007867438
4.366027  0.0007867438
4.366499  0.0007867438
4.369452  0.0007867438
4.372326  0.0007867438
4.372952  0.0007867438
4.373019  0.0007867438
4.374361  0.0007867438
4.374814  0.0007867438
4.378461  0.0007867438
4.379446  0.0007867438
4.379549  0.0007867438
4.381865  0.0007867438
4.382164  0.0007867438
4.382209  0.0007867438
4.383454  0.0007867438
4.385299  0.0007867438
4.385568  0.0007867438
4.386339  0.0007867438
4.387999  0.0007867438
4.389558  0.0007867438
4.391866  0.0007867438
4.394775  0.0007867438
4.39669  0.0007867438
4.397341  0.0007867438
4.399118  0.0007867438
4.399352  0.0007867438
4.399502  0.0007867438
4.402614  0.0007867438
4.402876  0.0007867438
4.403206  0.0007867438
4.404896  0.0007867438
4.406394  0.0007867438
4.40641  0.0007867438
4.408656  0.0007867438
4.409674  0.0007867438
4.410488  0.0007867438
4.411094  0.0007867438
4.411228  0.0007867438
4.411439  0.0007867438
4.411468  0.0007867438
4.415963  0.0007867438
4.416512  0.0007867438
4.418261  0.0007867438
4.419351  0.0007867438
4.419701  0.0007867438
4.421416  0.0007867438
4.422365  0.0007867438
4.424578  0.0007867438
4.424767  0.0007867438
4.425917  0.0007867438
4.428138  0.0007867438
4.430691  0.0007867438
4.430988  0.0007867438
4.434249  0.0007867438
4.435574  0.0007867438
4.435589  0.0007867438
4.436161  0.0007867438
4.438368  0.0007867438
4.439334  0.0007867438
4.443582  0.0007867438
4.444268  0.0007867438
4.444636  0.0007867438
4.447406  0.0007867438
4.448167  0.0007867438
4.448453  0.0007867438
4.449562  0.0007867438
4.449925  0.0007867438
4.450138  0.0007867438
4.451815  0.0007867438
4.452903  0.0007867438
4.452965  0.0007867438
4.455543  0.0007866985
4.455887  0.0007866609
4.456723  0.0007865694
4.458431  0.0007863827
4.459254  0.0007862927
4.462558  0.0007859315
4.463288  0.0007858517
4.46427  0.0007857444
4.464818  0.0007856844
4.465563  0.000785603
4.467428  0.000785399
4.468724  0.0007852574
4.471017  0.0007850067
4.472128  0.0007848852
4.473024  0.0007847873
4.474097  0.00078467
4.474593  0.0007846158
4.477091  0.0007843427
4.47733  0.0007843165
4.477547  0.0007842927
4.481888  0.0007838181
4.483305  0.0007836632
4.483684  0.0007836218
4.484506  0.0007835319
4.484984  0.0007834796
4.487661  0.000783187
4.488501  0.0007830951
4.491567  0.0007827599
4.491761  0.0007827388
4.493901  0.0007825048
4.49394  0.0007825005
4.493944  0.0007825
4.499122  0.0007819339