2.497  0.25  0.25  0.25  0.25  0.25  0.25  0.25  0.25  0.25  0.25  0.25  0.25  0  0  0  0  0  0  0  0  0  0.5693  1.  1.  0
1.993  0.25  0.25  0.25  0.25  0.25  0.25  0.25  0.25  0.25  0.25  0.25  0.25  0  0  0  0  0  0  0  0  0  0.1171  1.  1.  0
1.762  0.25  0.25  0.25  0.25  0.25  0.25  0.25  0.25  0.25  0.25  0.25  0.25  0  0  0  0  0  0  0  0  0  0.06069  1.  1.  0
0.9609  0.25  0.25  0.25  0.25  0.25  0.25  0.25  0.25  0.25  0.25  0.25  0.25  0  0  0  0  0  0  0  0  0  0.7987  1.  1.  0
1.887  0.25  0.25  0.25  0.25  0.25  0.25  0.25  0.25  0.25  0.25  0.25  0.25  0  0  0  0  0  0  0  0  0  0.02599  1.  1.  0
1.204  0.25  0.25  0.25  0.25  0.25  0.25  0.25  0.25  0.25  0.25  0.25  0.25  0  0  0  0  0  0  0  0  0  0.1286  1.  1.  0
1.002  0.25  0.25  0.25  0.25  0.25  0.25  0.25  0.25  0.25  0.25  0.25  0.25  0  0  0  0  0  0  0  0  0  0.1801  1.  1.  0
1.09  0.25  0.25  0.25  0.25  0.25  0.25  0.25  0.25  0.25  0.25  0.25  0.25  0  0  0  0  0  0  0  0  0  0.06862  1.  1.  0
2.478  0.25  0.25  0.25  0.25  0.25  0.25  0.25  0.25  0.25  0.25  0.25  0.25  0  0  0  0  0  0  0  0  0  0.3137  1.  1.  0
2.222  0.25  0.25  0.25  0.25  0.25  0.25  0.25  0.25  0.25  0.25  0.25  0.25  0  0  0  0  0  0  0  0  0  0.686  1.  1.  0
2.395  0.25  0.25  0.25  0.25  0.25  0.25  0.25  0.25  0.25  0.25  0.25  0.25  0  0  0  0  0  0  0  0  0  0.4899  1.  1.  0
0.6147  0.25  0.25  0.25  0.25  0.25  0.25  0.25  0.25  0.25  0.25  0.25  0.25  0  0  0  0  0  0  0  0  0  0.7425  1.  1.  0
1.211  0.25  0.25  0.25  0.25  0.25  0.25  0.25  0.25  0.25  0.25  0.25  0.25  0  0  0  0  0  0  0  0  0  0.07109  1.  1.  0
1.691  0.25  0.25  0.25  0.25  0.25  0.25  0.25  0.25  0.25  0.25  0.25  0.25  0  0  0  0  0  0  0  0  0  0.728  1.  1.  0
2.124  0.25  0.25  0.25  0.25  0.25  0.25  0.25  0.25  0.25  0.25  0.25  0.25  0  0  0  0  0  0  0  0  0  0.389  1.  1.  0
0.7544  0.25  0.25  0.25  0.25  0.25  0.25  0.25  0.25  0.25  0.25  0.25  0.25  0  0  0  0  0  0  0  0  0  0.4727  1.  1.  0
1.526  0.25  0.25  0.25  0.25  0.25  0.25  0.25  0.25  0.25  0.25  0.25  0.25  0  0  0  0  0  0  0  0  0  0.06469  1.  1.  0
0.7771  0.25  0.25  0.25  0.25  0.25  0.25  0.25  0.25  0.25  0.25  0.25  0.25  0  0  0  0  0  0  0  0  0  0.3298  1.  1.  0
0.6553  0.25  0.25  0.25  0.25  0.25  0.25  0.25  0.25  0.25  0.25  0.25  0.25  0  0  0  0  0  0  0  0  0  0.673  1.  1.  0
0.8871  0.25  0.25  0.25  0.25  0.25  0.25  0.25  0.25  0.25  0.25  0.25  0.25  0  0  0  0  0  0  0  0  0  0.3089  1.  1.  0
1.59  0.25  0.25  0.25  0.25  0.25  0.25  0.25  0.25  0.25  0.25  0.25  0.25  0  0  0  0  0  0  0  0  0  0.1004  1.  1.  0
1.969  0.25  0.25  0.25  0.25  0.25  0.25  0.25  0.25  0.25  0.25  0.25  0.25  0  0  0  0  0  0  0  0  0  0.6661  1.  1.  0
0.9221  0.25  0.25  0.25  0.25  0.25  0.25  0.25  0.25  0.25  0.25  0.25  0.25  0  0  0  0  0  0  0  0  0  0.5826  1.  1.  0
0.621  0.25  0.25  0.25  0.25  0.25  0.25  0.25  0.25  0.25  0.25  0.25  0.25  0  0  0  0  0  0  0  0  0  0.08311  1.  1.  0
0.8839  0.25  0.25  0.25  0.25  0.25  0.25  0.25  0.25  0.25  0.25  0.25  0.25  0  0  0  0  0  0  0  0  0  0.297  1.  1.  0
1.302  0.25  0.25  0.25  0.25  0.25  0.25  0.25  0.25  0.25  0.25  0.25  0.25  0  0  0  0  0  0  0  0  0  0.3772  1.  1.  0
2.049  0.25  0.25  0.25  0.25  0.25  0.25  0.25  0.25  0.25  0.25  0.25  0.25  0  0  0  0  0  0  0  0  0  0.7244  1.  1.  0
1.05  0.25  0.25  0.25  0.25  0.25  0.25  0.25  0.25  0.25  0.25  0.25  0.25  0  0  0  0  0  0  0  0  0  0.05022  1.  1.  0
1.833  0.25  0.25  0.25  0.25  0.25  0.25  0.25  0.25  0.25  0.25  0.25  0.25  0  0  0  0  0  0  0  0  0  0.4204  1.  1.  0
2.004  0.25  0.25  0.25  0.25  0.25  0.25  0.25  0.25  0.25  0.25  0.25  0.25  0  0  0  0  0  0  0  0  0  0.345  1.  1.  0
0.7184  0.25  0.25  0.25  0.25  0.25  0.25  0.25  0.25  0.25  0.25  0.25  0.25  0  0  0  0  0  0  0  0  0  0.7548  1.  1.  0
2.19  0.25  0.25  0.25  0.25  0.25  0.25  0.25  0.25  0.25  0.25  0.25  0.25  0  0  0  0  0  0  0  0  0  0.6848  1.  1.  0
1.64  0.25  0.25  0.25  0.25  0.25  0.25  0.25  0.25  0.25  0.25  0.25  0.25  0  0  0  0  0  0  0  0  0  0.4944  1.  1.  0
1.599  0.25  0.25  0.25  0.25  0.25  0.25  0.25  0.25  0.25  0.25  0.25  0.25  0  0  0  0  0  0  0  0  0  0.4798  1.  1.  0
1.22  0.25  0.25  0.25  0.25  0.25  0.25  0.25  0.25  0.25  0.25  0.25  0.25  0  0  0  0  0  0  0  0  0  0.273  1.  1.  0
0.8958  0.25  0.25  0.25  0.25  0.25  0.25  0.25  0.25  0.25  0.25  0.25  0.25  0  0  0  0  0  0  0  0  0  0.3722  1.  1.  0
0.8868  0.25  0.25  0.25  0.25  0.25  0.25  0.25  0.25  0.25  0.25  0.25  0.25  0  0  0  0  0  0  0  0  0  0.2442  1.  1.  0
0.7702  0.25  0.25  0.25  0.25  0.25  0.25  0.25  0.25  0.25  0.25  0.25  0.25  0  0  0  0  0  0  0  0  0  0.2569  1.  1.  0
1.5  0.25  0.25  0.25  0.25  0.25  0.25  0.25  0.25  0.25  0.25  0.25  0.25  0  0  0  0  0  0  0  0  0  0.6012  1.  1.  0
2.298  0.25  0.25  0.25  0.25  0.25  0.25  0.25  0.25  0.25  0.25  0.25  0.25  0  0  0  0  0  0  0  0  0  0.7386  1.  1.  0
2.  0.25  0.25  0.25  0.25  0.25  0.25  0.25  0.25  0.25  0.25  0.25  0.25  0  0  0  0  0  0  0  0  0  0.3884  1.  1.  0
0.5449  0.25  0.25  0.25  0.25  0.25  0.25  0.25  0.25  0.25  0.25  0.25  0.25  0  0  0  0  0  0  0  0  0  0.5148  1.  1.  0
2.437  0.25  0.25  0.25  0.25  0.25  0.25  0.25  0.25  0.25  0.25  0.25  0.25  0  0  0  0  0  0  0  0  0  0.2555  1.  1.  0
1.866  0.25  0.25  0.25  0.25  0.25  0.25  0.25  0.25  0.25  0.25  0.25  0.25  0  0  0  0  0  0  0  0  0  0.7041  1.  1.  0
0.9043  0.25  0.25  0.25  0.25  0.25  0.25  0.25  0.25  0.25  0.25  0.25  0.25  0  0  0  0  0  0  0  0  0  0.1704  1.  1.  0
2.479  0.25  0.25  0.25  0.25  0.25  0.25  0.25  0.25  0.25  0.25  0.25  0.25  0  0  0  0  0  0  0  0  0  0.5536  1.  1.  0
2.288  0.25  0.25  0.25  0.25  0.25  0.25  0.25  0.25  0.25  0.25  0.25  0.25  0  0  0  0  0  0  0  0  0  0.2522  1.  1.  0
1.568  0.25  0.25  0.25  0.25  0.25  0.25  0.25  0.25  0.25  0.25  0.25  0.25  0  0  0  0  0  0  0  0  0  0.3557  1.  1.  0
0.7885  0.25  0.25  0.25  0.25  0.25  0.25  0.25  0.25  0.25  0.25  0.25  0.25  0  0  0  0  0  0  0  0  0  0.1696  1.  1.  0
0.6342  0.25  0.25  0.25  0.25  0.25  0.25  0.25  0.25  0.25  0.25  0.25  0.25  0  0  0  0  0  0  0  0  0  0.5746  1.  1.  0
1.649  0.25  0.25  0.25  0.25  0.25  0.25  0.25  0.25  0.25  0.25  0.25  0.25  0  0  0  0  0  0  0  0  0  0.4236  1.  1.  0
1.866  0.25  0.25  0.25  0.25  0.25  0.25  0.25  0.25  0.25  0.25  0.25  0.25  0  0  0  0  0  0  0  0  0  0.06504  1.  1.  0
2.396  0.25  0.25  0.25  0.25  0.25  0.25  0.25  0.25  0.25  0.25  0.25  0.25  0  0  0  0  0  0  0  0  0  0.3027  1.  1.  0
2.494  0.25  0.25  0.25  0.25  0.25  0.25  0.25  0.25  0.25  0.25  0.25  0.25  0  0  0  0  0  0  0  0  0  0.224  1.  1.  0
1.563  0.25  0.25  0.25  0.25  0.25  0.25  0.25  0.25  0.25  0.25  0.25  0.25  0  0  0  0  0  0  0  0  0  0.07103  1.  1.  0
0.7719  0.25  0.25  0.25  0.25  0.25  0.25  0.25  0.25  0.25  0.25  0.25  0.25  0  0  0  0  0  0  0  0  0  0.1628  1.  1.  0
2.397  0.25  0.25  0.25  0.25  0.25  0.25  0.25  0.25  0.25  0.25  0.25  0.25  0  0  0  0  0  0  0  0  0  0.3303  1.  1.  0
1.614  0.25  0.25  0.25  0.25  0.25  0.25  0.25  0.25  0.25  0.25  0.25  0.25  0  0  0  0  0  0  0  0  0  0.383  1.  1.  0
1.048  0.25  0.25  0.25  0.25  0.25  0.25  0.25  0.25  0.25  0.25  0.25  0.25  0  0  0  0  0  0  0  0  0  0.07379  1.  1.  0
0.9113  0.25  0.25  0.25  0.25  0.25  0.25  0.25  0.25  0.25  0.25  0.25  0.25  0  0  0  0  0  0  0  0  0  0.2986  1.  1.  0
2.238  0.25  0.25  0.25  0.25  0.25  0.25  0.25  0.25  0.25  0.25  0.25  0.25  0  0  0  0  0  0  0  0  0  0.01634  1.  1.  0
2.385  0.25  0.25  0.25  0.25  0.25  0.25  0.25  0.25  0.25  0.25  0.25  0.25  0  0  0  0  0  0  0  0  0  0.5172  1.  1.  0
1.032  0.25  0.25  0.25  0.25  0.25  0.25  0.25  0.25  0.25  0.25  0.25  0.25  0  0  0  0  0  0  0  0  0  0.604  1.  1.  0
0.8521  0.25  0.25  0.25  0.25  0.25  0.25  0.25  0.25  0.25  0.25  0.25  0.25  0  0  0  0  0  0  0  0  0  0.6607  1.  1.  0
1.089  0.25  0.25  0.25  0.25  0.25  0.25  0.25  0.25  0.25  0.25  0.25  0.25  0  0  0  0  0  0  0  0  0  0.2326  1.  1.  0
1.592  0.25  0.25  0.25  0.25  0.25  0.25  0.25  0.25  0.25  0.25  0.25  0.25  0  0  0  0  0  0  0  0  0  0.6079  1.  1.  0
1.095  0.25  0.25  0.25  0.25  0.25  0.25  0.25  0.25  0.25  0.25  0.25  0.25  0  0  0  0  0  0  0  0  0  0.6043  1.  1.  0
1.802  0.25  0.25  0.25  0.25  0.25  0.25  0.25  0.25  0.25  0.25  0.25  0.25  0  0  0  0  0  0  0  0  0  0.4239  1.  1.  0
2.34  0.25  0.25  0.25  0.25  0.25  0.25  0.25  0.25  0.25  0.25  0.25  0.25  0  0  0  0  0  0  0  0  0  0.2723  1.  1.  0
0.5021  0.25  0.25  0.25  0.25  0.25  0.25  0.25  0.25  0.25  0.25  0.25  0.25  0  0  0  0  0  0  0  0  0  0.05126  1.  1.  0
0.5717  0.25  0.25  0.25  0.25  0.25  0.25  0.25  0.25  0.25  0.25  0.25  0.25  0  0  0  0  0  0  0  0  0  0.4999  1.  1.  0
1.993  0.25  0.25  0.25  0.25  0.25  0.25  0.25  0.25  0.25  0.25  0.25  0.25  0  0  0  0  0  0  0  0  0  0.1474  1.  1.  0
0.737  0.25  0.25  0.25  0.25  0.25  0.25  0.25  0.25  0.25  0.25  0.25  0.25  0  0  0  0  0  0  0  0  0  0.5652  1.  1.  0
2.424  0.25  0.25  0.25  0.25  0.25  0.25  0.25  0.25  0.25  0.25  0.25  0.25  0  0  0  0  0  0  0  0  0  0.6179  1.  1.  0
0.6289  0.25  0.25  0.25  0.25  0.25  0.25  0.25  0.25  0.25  0.25  0.25  0.25  0  0  0  0  0  0  0  0  0  0.3586  1.  1.  0
1.4  0.25  0.25  0.25  0.25  0.25  0.25  0.25  0.25  0.25  0.25  0.25  0.25  0  0  0  0  0  0  0  0  0  0.3392  1.  1.  0
2.389  0.25  0.25  0.25  0.25  0.25  0.25  0.25  0.25  0.25  0.25  0.25  0.25  0  0  0  0  0  0  0  0  0  0.57  1.  1.  0
0.6395  0.25  0.25  0.25  0.25  0.25  0.25  0.25  0.25  0.25  0.25  0.25  0.25  0  0  0  0  0  0  0  0  0  0.2219  1.  1.  0
1.007  0.25  0.25  0.25  0.25  0.25  0.25  0.25  0.25  0.25  0.25  0.25  0.25  0  0  0  0  0  0  0  0  0  0.6059  1.  1.  0
1.379  0.25  0.25  0.25  0.25  0.25  0.25  0.25  0.25  0.25  0.25  0.25  0.25  0  0  0  0  0  0  0  0  0  0.3692  1.  1.  0
1.431  0.25  0.25  0.25  0.25  0.25  0.25  0.25  0.25  0.25  0.25  0.25  0.25  0  0  0  0  0  0  0  0  0  0.7481  1.  1.  0
1.101  0.25  0.25  0.25  0.25  0.25  0.25  0.25  0.25  0.25  0.25  0.25  0.25  0  0  0  0  0  0  0  0  0  0.04607  1.  1.  0
1.561  0.25  0.25  0.25  0.25  0.25  0.25  0.25  0.25  0.25  0.25  0.25  0.25  0  0  0  0  0  0  0  0  0  0.2454  1.  1.  0
1.669  0.25  0.25  0.25  0.25  0.25  0.25  0.25  0.25  0.25  0.25  0.25  0.25  0  0  0  0  0  0  0  0  0  0.3112  1.  1.  0
1.822  0.25  0.25  0.25  0.25  0.25  0.25  0.25  0.25  0.25  0.25  0.25  0.25  0  0  0  0  0  0  0  0  0  0.7655  1.  1.  0
1.821  0.25  0.25  0.25  0.25  0.25  0.25  0.25  0.25  0.25  0.25  0.25  0.25  0  0  0  0  0  0  0  0  0  0.7947  1.  1.  0
1.917  0.25  0.25  0.25  0.25  0.25  0.25  0.25  0.25  0.25  0.25  0.25  0.25  0  0  0  0  0  0  0  0  0  0.05267  1.  1.  0
0.8948  0.25  0.25  0.25  0.25  0.25  0.25  0.25  0.25  0.25  0.25  0.25  0.25  0  0  0  0  0  0  0  0  0  0.6095  1.  1.  0
1.171  0.25  0.25  0.25  0.25  0.25  0.25  0.25  0.25  0.25  0.25  0.25  0.25  0  0  0  0  0  0  0  0  0  0.7082  1.  1.  0
1.765  0.25  0.25  0.25  0.25  0.25  0.25  0.25  0.25  0.25  0.25  0.25  0.25  0  0  0  0  0  0  0  0  0  0.1819  1.  1.  0
1.508  0.25  0.25  0.25  0.25  0.25  0.25  0.25  0.25  0.25  0.25  0.25  0.25  0  0  0  0  0  0  0  0  0  0.1649  1.  1.  0
1.745  0.25  0.25  0.25  0.25  0.25  0.25  0.25  0.25  0.25  0.25  0.25  0.25  0  0  0  0  0  0  0  0  0  0.4551  1.  1.  0
1.535  0.25  0.25  0.25  0.25  0.25  0.25  0.25  0.25  0.25  0.25  0.25  0.25  0  0  0  0  0  0  0  0  0  0.5289  1.  1.  0
0.7262  0.25  0.25  0.25  0.25  0.25  0.25  0.25  0.25  0.25  0.25  0.25  0.25  0  0  0  0  0  0  0  0  0  0.06702  1.  1.  0
1.081  0.25  0.25  0.25  0.25  0.25  0.25  0.25  0.25  0.25  0.25  0.25  0.25  0  0  0  0  0  0  0  0  0  0.5313  1.  1.  0
1.656  0.25  0.25  0.25  0.25  0.25  0.25  0.25  0.25  0.25  0.25  0.25  0.25  0  0  0  0  0  0  0  0  0  0.7308  1.  1.  0
0.8877  0.25  0.25  0.25  0.25  0.25  0.25  0.25  0.25  0.25  0.25  0.25  0.25  0  0  0  0  0  0  0  0  0  0.5522  1.  1.  0
1.781  0.25  0.25  0.25  0.25  0.25  0.25  0.25  0.25  0.25  0.25  0.25  0.25  0  0  0  0  0  0  0  0  0  0.4745  1.  1.  0
2.478  0.25  0.25  0.25  0.25  0.25  0.25  0.25  0.25  0.25  0.25  0.25  0.25  0  0  0  0  0  0  0  0  0  0.6662  1.  1.  0
0.5349  0.25  0.25  0.25  0.25  0.25  0.25  0.25  0.25  0.25  0.25  0.25  0.25  0  0  0  0  0  0  0  0  0  0.4915  1.  1.  0
0.6413  0.25  0.25  0.25  0.25  0.25  0.25  0.25  0.25  0.25  0.25  0.25  0.25  0  0  0  0  0  0  0  0  0  0.6347  1.  1.  0
1.876  0.25  0.25  0.25  0.25  0.25  0.25  0.25  0.25  0.25  0.25  0.25  0.25  0  0  0  0  0  0  0  0  0  0.2806  1.  1.  0
2.344  0.25  0.25  0.25  0.25  0.25  0.25  0.25  0.25  0.25  0.25  0.25  0.25  0  0  0  0  0  0  0  0  0  0.383  1.  1.  0
2.248  0.25  0.25  0.25  0.25  0.25  0.25  0.25  0.25  0.25  0.25  0.25  0.25  0  0  0  0  0  0  0  0  0  0.1758  1.  1.  0
1.232  0.25  0.25  0.25  0.25  0.25  0.25  0.25  0.25  0.25  0.25  0.25  0.25  0  0  0  0  0  0  0  0  0  0.4984  1.  1.  0
2.02  0.25  0.25  0.25  0.25  0.25  0.25  0.25  0.25  0.25  0.25  0.25  0.25  0  0  0  0  0  0  0  0  0  0.4673  1.  1.  0
2.396  0.25  0.25  0.25  0.25  0.25  0.25  0.25  0.25  0.25  0.25  0.25  0.25  0  0  0  0  0  0  0  0  0  0.1081  1.  1.  0
1.264  0.25  0.25  0.25  0.25  0.25  0.25  0.25  0.25  0.25  0.25  0.25  0.25  0  0  0  0  0  0  0  0  0  0.2207  1.  1.  0
0.702  0.25  0.25  0.25  0.25  0.25  0.25  0.25  0.25  0.25  0.25  0.25  0.25  0  0  0  0  0  0  0  0  0  0.696  1.  1.  0
2.498  0.25  0.25  0.25  0.25  0.25  0.25  0.25  0.25  0.25  0.25  0.25  0.25  0  0  0  0  0  0  0  0  0  0.3148  1.  1.  0
2.241  0.25  0.25  0.25  0.25  0.25  0.25  0.25  0.25  0.25  0.25  0.25  0.25  0  0  0  0  0  0  0  0  0  0.415  1.  1.  0
0.9849  0.25  0.25  0.25  0.25  0.25  0.25  0.25  0.25  0.25  0.25  0.25  0.25  0  0  0  0  0  0  0  0  0  0.5746  1.  1.  0
1.758  0.25  0.25  0.25  0.25  0.25  0.25  0.25  0.25  0.25  0.25  0.25  0.25  0  0  0  0  0  0  0  0  0  0.2296  1.  1.  0
1.683  0.25  0.25  0.25  0.25  0.25  0.25  0.25  0.25  0.25  0.25  0.25  0.25  0  0  0  0  0  0  0  0  0  0.2538  1.  1.  0
1.216  0.25  0.25  0.25  0.25  0.25  0.25  0.25  0.25  0.25  0.25  0.25  0.25  0  0  0  0  0  0  0  0  0  0.3768  1.  1.  0
0.5389  0.25  0.25  0.25  0.25  0.25  0.25  0.25  0.25  0.25  0.25  0.25  0.25  0  0  0  0  0  0  0  0  0  0.7075  1.  1.  0
2.323  0.25  0.25  0.25  0.25  0.25  0.25  0.25  0.25  0.25  0.25  0.25  0.25  0  0  0  0  0  0  0  0  0  0.364  1.  1.  0
1.033  0.25  0.25  0.25  0.25  0.25  0.25  0.25  0.25  0.25  0.25  0.25  0.25  0  0  0  0  0  0  0  0  0  0.2824  1.  1.  0
1.236  0.25  0.25  0.25  0.25  0.25  0.25  0.25  0.25  0.25  0.25  0.25  0.25  0  0  0  0  0  0  0  0  0  0.4348  1.  1.  0
2.187  0.25  0.25  0.25  0.25  0.25  0.25  0.25  0.25  0.25  0.25  0.25  0.25  0  0  0  0  0  0  0  0  0  0.1221  1.  1.  0
0.9816  0.25  0.25  0.25  0.25  0.25  0.25  0.25  0.25  0.25  0.25  0.25  0.25  0  0  0  0  0  0  0  0  0  0.09909  1.  1.  0
0.9145  0.25  0.25  0.25  0.25  0.25  0.25  0.25  0.25  0.25  0.25  0.25  0.25  0  0  0  0  0  0  0  0  0  0.09088  1.  1.  0
1.552  0.25  0.25  0.25  0.25  0.25  0.25  0.25  0.25  0.25  0.25  0.25  0.25  0  0  0  0  0  0  0  0  0  0.6154  1.  1.  0
2.323  0.25  0.25  0.25  0.25  0.25  0.25  0.25  0.25  0.25  0.25  0.25  0.25  0  0  0  0  0  0  0  0  0  0.3237  1.  1.  0
2.226  0.25  0.25  0.25  0.25  0.25  0.25  0.25  0.25  0.25  0.25  0.25  0.25  0  0  0  0  0  0  0  0  0  0.04059  1.  1.  0
2.29  0.25  0.25  0.25  0.25  0.25  0.25  0.25  0.25  0.25  0.25  0.25  0.25  0  0  0  0  0  0  0  0  0  0.4501  1.  1.  0
1.852  0.25  0.25  0.25  0.25  0.25  0.25  0.25  0.25  0.25  0.25  0.25  0.25  0  0  0  0  0  0  0  0  0  0.3554  1.  1.  0
0.8209  0.25  0.25  0.25  0.25  0.25  0.25  0.25  0.25  0.25  0.25  0.25  0.25  0  0  0  0  0  0  0  0  0  0.5533  1.  1.  0
2.009  0.25  0.25  0.25  0.25  0.25  0.25  0.25  0.25  0.25  0.25  0.25  0.25  0  0  0  0  0  0  0  0  0  0.4904  1.  1.  0
1.649  0.25  0.25  0.25  0.25  0.25  0.25  0.25  0.25  0.25  0.25  0.25  0.25  0  0  0  0  0  0  0  0  0  0.03163  1.  1.  0
0.8445  0.25  0.25  0.25  0.25  0.25  0.25  0.25  0.25  0.25  0.25  0.25  0.25  0  0  0  0  0  0  0  0  0  0.2223  1.  1.  0
2.482  0.25  0.25  0.25  0.25  0.25  0.25  0.25  0.25  0.25  0.25  0.25  0.25  0  0  0  0  0  0  0  0  0  0.2087  1.  1.  0
0.7314  0.25  0.25  0.25  0.25  0.25  0.25  0.25  0.25  0.25  0.25  0.25  0.25  0  0  0  0  0  0  0  0  0  0.1613  1.  1.  0
0.9043  0.25  0.25  0.25  0.25  0.25  0.25  0.25  0.25  0.25  0.25  0.25  0.25  0  0  0  0  0  0  0  0  0  0.7499  1.  1.  0
0.6051  0.25  0.25  0.25  0.25  0.25  0.25  0.25  0.25  0.25  0.25  0.25  0.25  0  0  0  0  0  0  0  0  0  0.08295  1.  1.  0
1.84  0.25  0.25  0.25  0.25  0.25  0.25  0.25  0.25  0.25  0.25  0.25  0.25  0  0  0  0  0  0  0  0  0  0.2739  1.  1.  0
1.435  0.25  0.25  0.25  0.25  0.25  0.25  0.25  0.25  0.25  0.25  0.25  0.25  0  0  0  0  0  0  0  0  0  0.06087  1.  1.  0
1.49  0.25  0.25  0.25  0.25  0.25  0.25  0.25  0.25  0.25  0.25  0.25  0.25  0  0  0  0  0  0  0  0  0  0.3086  1.  1.  0
1.195  0.25  0.25  0.25  0.25  0.25  0.25  0.25  0.25  0.25  0.25  0.25  0.25  0  0  0  0  0  0  0  0  0  0.4135  1.  1.  0
1.595  0.25  0.25  0.25  0.25  0.25  0.25  0.25  0.25  0.25  0.25  0.25  0.25  0  0  0  0  0  0  0  0  0  0.3361  1.  1.  0
2.315  0.25  0.25  0.25  0.25  0.25  0.25  0.25  0.25  0.25  0.25  0.25  0.25  0  0  0  0  0  0  0  0  0  0.1736  1.  1.  0
1.969  0.25  0.25  0.25  0.25  0.25  0.25  0.25  0.25  0.25  0.25  0.25  0.25  0  0  0  0  0  0  0  0  0  0.3412  1.  1.  0
1.65  0.25  0.25  0.25  0.25  0.25  0.25  0.25  0.25  0.25  0.25  0.25  0.25  0  0  0  0  0  0  0  0  0  0.06526  1.  1.  0
2.494  0.25  0.25  0.25  0.25  0.25  0.25  0.25  0.25  0.25  0.25  0.25  0.25  0  0  0  0  0  0  0  0  0  0.326  1.  1.  0
1.12  0.25  0.25  0.25  0.25  0.25  0.25  0.25  0.25  0.25  0.25  0.25  0.25  0  0  0  0  0  0  0  0  0  0.4759  1.  1.  0
1.22  0.25  0.25  0.25  0.25  0.25  0.25  0.25  0.25  0.25  0.25  0.25  0.25  0  0  0  0  0  0  0  0  0  0.6949  1.  1.  0
1.137  0.25  0.25  0.25  0.25  0.25  0.25  0.25  0.25  0.25  0.25  0.25  0.25  0  0  0  0  0  0  0  0  0  0.6489  1.  1.  0
1.738  0.25  0.25  0.25  0.25  0.25  0.25  0.25  0.25  0.25  0.25  0.25  0.25  0  0  0  0  0  0  0  0  0  0.532  1.  1.  0
1.968  0.25  0.25  0.25  0.25  0.25  0.25  0.25  0.25  0.25  0.25  0.25  0.25  0  0  0  0  0  0  0  0  0  0.1661  1.  1.  0
0.08446  0.25  0.25  0.25  0.25  0.25  0.25  0.25  0.25  0.25  0.25  0.25  0.25  0  0  0  0  0  0  0  0  0  0.5535  1.  1.  0
0.261  0.25  0.25  0.25  0.25  0.25  0.25  0.25  0.25  0.25  0.25  0.25  0.25  0  0  0  0  0  0  0  0  0  0.7022  1.  1.  0
0.4351  0.25  0.25  0.25  0.25  0.25  0.25  0.25  0.25  0.25  0.25  0.25  0.25  0  0  0  0  0  0  0  0  0  0.1697  1.  1.  0
0.4761  0.25  0.25  0.25  0.25  0.25  0.25  0.25  0.25  0.25  0.25  0.25  0.25  0  0  0  0  0  0  0  0  0  0.4933  1.  1.  0
0.2392  0.25  0.25  0.25  0.25  0.25  0.25  0.25  0.25  0.25  0.25  0.25  0.25  0  0  0  0  0  0  0  0  0  0.6753  1.  1.  0
0.4378  0.25  0.25  0.25  0.25  0.25  0.25  0.25  0.25  0.25  0.25  0.25  0.25  0  0  0  0  0  0  0  0  0  0.5382  1.  1.  0
0.1983  0.25  0.25  0.25  0.25  0.25  0.25  0.25  0.25  0.25  0.25  0.25  0.25  0  0  0  0  0  0  0  0  0  0.142  1.  1.  0
0.4991  0.25  0.25  0.25  0.25  0.25  0.25  0.25  0.25  0.25  0.25  0.25  0.25  0  0  0  0  0  0  0  0  0  0.2496  1.  1.  0
0.4935  0.25  0.25  0.25  0.25  0.25  0.25  0.25  0.25  0.25  0.25  0.25  0.25  0  0  0  0  0  0  0  0  0  0.1634  1.  1.  0
0.2012  0.25  0.25  0.25  0.25  0.25  0.25  0.25  0.25  0.25  0.25  0.25  0.25  0  0  0  0  0  0  0  0  0  0.6728  1.  1.  0
0.4254  0.25  0.25  0.25  0.25  0.25  0.25  0.25  0.25  0.25  0.25  0.25  0.25  0  0  0  0  0  0  0  0  0  0.4574  1.  1.  0
0.3224  0.25  0.25  0.25  0.25  0.25  0.25  0.25  0.25  0.25  0.25  0.25  0.25  0  0  0  0  0  0  0  0  0  0.7598  1.  1.  0
0.3069  0.25  0.25  0.25  0.25  0.25  0.25  0.25  0.25  0.25  0.25  0.25  0.25  0  0  0  0  0  0  0  0  0  0.01121  1.  1.  0
0.3293  0.25  0.25  0.25  0.25  0.25  0.25  0.25  0.25  0.25  0.25  0.25  0.25  0  0  0  0  0  0  0  0  0  0.7381  1.  1.  0
0.08314  0.25  0.25  0.25  0.25  0.25  0.25  0.25  0.25  0.25  0.25  0.25  0.25  0  0  0  0  0  0  0  0  0  0.2739  1.  1.  0
0.3243  0.25  0.25  0.25  0.25  0.25  0.25  0.25  0.25  0.25  0.25  0.25  0.25  0  0  0  0  0  0  0  0  0  0.07201  1.  1.  0
0.3648  0.25  0.25  0.25  0.25  0.25  0.25  0.25  0.25  0.25  0.25  0.25  0.25  0  0  0  0  0  0  0  0  0  0.2555  1.  1.  0
0.1347  0.25  0.25  0.25  0.25  0.25  0.25  0.25  0.25  0.25  0.25  0.25  0.25  0  0  0  0  0  0  0  0  0  0.3767  1.  1.  0
0.03678  0.25  0.25  0.25  0.25  0.25  0.25  0.25  0.25  0.25  0.25  0.25  0.25  0  0  0  0  0  0  0  0  0  0.4771  1.  1.  0
0.2154  0.25  0.25  0.25  0.25  0.25  0.25  0.25  0.25  0.25  0.25  0.25  0.25  0  0  0  0  0  0  0  0  0  0.08056  1.  1.  0
0.007302  0.25  0.25  0.25  0.25  0.25  0.25  0.25  0.25  0.25  0.25  0.25  0.25  0  0  0  0  0  0  0  0  0  0.2199  1.  1.  0
0.1924  0.25  0.25  0.25  0.25  0.25  0.25  0.25  0.25  0.25  0.25  0.25  0.25  0  0  0  0  0  0  0  0  0  0.2753  1.  1.  0
0.2247  0.25  0.25  0.25  0.25  0.25  0.25  0.25  0.25  0.25  0.25  0.25  0.25  0  0  0  0  0  0  0  0  0  0.3763  1.  1.  0
0.0153  0.25  0.25  0.25  0.25  0.25  0.25  0.25  0.25  0.25  0.25  0.25  0.25  0  0  0  0  0  0  0  0  0  0.3203  1.  1.  0
0.3059  0.25  0.25  0.25  0.25  0.25  0.25  0.25  0.25  0.25  0.25  0.25  0.25  0  0  0  0  0  0  0  0  0  0.3786  1.  1.  0
0.2307  0.25  0.25  0.25  0.25  0.25  0.25  0.25  0.25  0.25  0.25  0.25  0.25  0  0  0  0  0  0  0  0  0  0.2845  1.  1.  0
0.4206  0.25  0.25  0.25  0.25  0.25  0.25  0.25  0.25  0.25  0.25  0.25  0.25  0  0  0  0  0  0  0  0  0  0.795  1.  1.  0
0.4389  0.25  0.25  0.25  0.25  0.25  0.25  0.25  0.25  0.25  0.25  0.25  0.25  0  0  0  0  0  0  0  0  0  0.4722  1.  1.  0
0.3272  0.25  0.25  0.25  0.25  0.25  0.25  0.25  0.25  0.25  0.25  0.25  0.25  0  0  0  0  0  0  0  0  0  0.4753  1.  1.  0
0.003163  0.25  0.25  0.25  0.25  0.25  0.25  0.25  0.25  0.25  0.25  0.25  0.25  0  0  0  0  0  0  0  0  0  0.1628  1.  1.  0
0.2956  0.25  0.25  0.25  0.25  0.25  0.25  0.25  0.25  0.25  0.25  0.25  0.25  0  0  0  0  0  0  0  0  0  0.03929  1.  1.  0
0.4242  0.25  0.25  0.25  0.25  0.25  0.25  0.25  0.25  0.25  0.25  0.25  0.25  0  0  0  0  0  0  0  0  0  0.6305  1.  1.  0
0.1219  0.25  0.25  0.25  0.25  0.25  0.25  0.25  0.25  0.25  0.25  0.25  0.25  0  0  0  0  0  0  0  0  0  0.3482  1.  1.  0
0.3619  0.25  0.25  0.25  0.25  0.25  0.25  0.25  0.25  0.25  0.25  0.25  0.25  0  0  0  0  0  0  0  0  0  0.5545  1.  1.  0
0.4355  0.25  0.25  0.25  0.25  0.25  0.25  0.25  0.25  0.25  0.25  0.25  0.25  0  0  0  0  0  0  0  0  0  0.08137  1.  1.  0
0.4852  0.25  0.25  0.25  0.25  0.25  0.25  0.25  0.25  0.25  0.25  0.25  0.25  0  0  0  0  0  0  0  0  0  0.7323  1.  1.  0
0.3556  0.25  0.25  0.25  0.25  0.25  0.25  0.25  0.25  0.25  0.25  0.25  0.25  0  0  0  0  0  0  0  0  0  0.735  1.  1.  0
0.2304  0.25  0.25  0.25  0.25  0.25  0.25  0.25  0.25  0.25  0.25  0.25  0.25  0  0  0  0  0  0  0  0  0  0.2064  1.  1.  0
0.2367  0.25  0.25  0.25  0.25  0.25  0.25  0.25  0.25  0.25  0.25  0.25  0.25  0  0  0  0  0  0  0  0  0  0.4865  1.  1.  0
0.4292  0.25  0.25  0.25  0.25  0.25  0.25  0.25  0.25  0.25  0.25  0.25  0.25  0  0  0  0  0  0  0  0  0  0.04255  1.  1.  0
0.4006  0.25  0.25  0.25  0.25  0.25  0.25  0.25  0.25  0.25  0.25  0.25  0.25  0  0  0  0  0  0  0  0  0  0.1961  1.  1.  0
0.09889  0.25  0.25  0.25  0.25  0.25  0.25  0.25  0.25  0.25  0.25  0.25  0.25  0  0  0  0  0  0  0  0  0  0.1461  1.  1.  0
0.08996  0.25  0.25  0.25  0.25  0.25  0.25  0.25  0.25  0.25  0.25  0.25  0.25  0  0  0  0  0  0  0  0  0  0.2571  1.  1.  0
0.3154  0.25  0.25  0.25  0.25  0.25  0.25  0.25  0.25  0.25  0.25  0.25  0.25  0  0  0  0  0  0  0  0  0  0.0471  1.  1.  0
0.4673  0.25  0.25  0.25  0.25  0.25  0.25  0.25  0.25  0.25  0.25  0.25  0.25  0  0  0  0  0  0  0  0  0  0.2183  1.  1.  0
0.1005  0.25  0.25  0.25  0.25  0.25  0.25  0.25  0.25  0.25  0.25  0.25  0.25  0  0  0  0  0  0  0  0  0  0.789  1.  1.  0
0.4173  0.25  0.25  0.25  0.25  0.25  0.25  0.25  0.25  0.25  0.25  0.25  0.25  0  0  0  0  0  0  0  0  0  0.7984  1.  1.  0
0.1373  0.25  0.25  0.25  0.25  0.25  0.25  0.25  0.25  0.25  0.25  0.25  0.25  0  0  0  0  0  0  0  0  0  0.2816  1.  1.  0
0.4303  0.25  0.25  0.25  0.25  0.25  0.25  0.25  0.25  0.25  0.25  0.25  0.25  0  0  0  0  0  0  0  0  0  0.1176  1.  1.  0
0.022  0.25  0.25  0.25  0.25  0.25  0.25  0.25  0.25  0.25  0.25  0.25  0.25  0  0  0  0  0  0  0  0  0  0.2  1.  1.  0
0.054  0.25  0.25  0.25  0.25  0.25  0.25  0.25  0.25  0.25  0.25  0.25  0.25  0  0  0  0  0  0  0  0  0  0.09038  1.  1.  0
0.092  0.25  0.25  0.25  0.25  0.25  0.25  0.25  0.25  0.25  0.25  0.25  0.25  0  0  0  0  0  0  0  0  0  0.1474  1.  1.  0
0.112  0.25  0.25  0.25  0.25  0.25  0.25  0.25  0.25  0.25  0.25  0.25  0.25  0  0  0  0  0  0  0  0  0  0.2218  1.  1.  0
0.208  0.25  0.25  0.25  0.25  0.25  0.25  0.25  0.25  0.25  0.25  0.25  0.25  0  0  0  0  0  0  0  0  0  0.1128  1.  1.  0
0.206  0.25  0.25  0.25  0.25  0.25  0.25  0.25  0.25  0.25  0.25  0.25  0.25  0  0  0  0  0  0  0  0  0  0.1731  1.  1.  0
0.208  0.25  0.25  0.25  0.25  0.25  0.25  0.25  0.25  0.25  0.25  0.25  0.25  0  0  0  0  0  0  0  0  0  0.2513  1.  1.  0
0.356  0.25  0.25  0.25  0.25  0.25  0.25  0.25  0.25  0.25  0.25  0.25  0.25  0  0  0  0  0  0  0  0  0  0.1596  1.  1.  0
0.352  0.25  0.25  0.25  0.25  0.25  0.25  0.25  0.25  0.25  0.25  0.25  0.25  0  0  0  0  0  0  0  0  0  0.2218  1.  1.  0
0.326  0.25  0.25  0.25  0.25  0.25  0.25  0.25  0.25  0.25  0.25  0.25  0.25  0  0  0  0  0  0  0  0  0  0.2872  1.  1.  0
0.456  0.25  0.25  0.25  0.25  0.25  0.25  0.25  0.25  0.25  0.25  0.25  0.25  0  0  0  0  0  0  0  0  0  0.1923  1.  1.  0
0.456  0.25  0.25  0.25  0.25  0.25  0.25  0.25  0.25  0.25  0.25  0.25  0.25  0  0  0  0  0  0  0  0  0  0.2603  1.  1.  0
0.456  0.25  0.25  0.25  0.25  0.25  0.25  0.25  0.25  0.25  0.25  0.25  0.25  0  0  0  0  0  0  0  0  0  0.3308  1.  1.  0
0.534  0.25  0.25  0.25  0.25  0.25  0.25  0.25  0.25  0.25  0.25  0.25  0.25  0  0  0  0  0  0  0  0  0  0.2218  1.  1.  0
0.536  0.25  0.25  0.25  0.25  0.25  0.25  0.25  0.25  0.25  0.25  0.25  0.25  0  0  0  0  0  0  0  0  0  0.2904  1.  1.  0
0.534  0.25  0.25  0.25  0.25  0.25  0.25  0.25  0.25  0.25  0.25  0.25  0.25  0  0  0  0  0  0  0  0  0  0.3487  1.  1.  0
0.644  0.25  0.25  0.25  0.25  0.25  0.25  0.25  0.25  0.25  0.25  0.25  0.25  0  0  0  0  0  0  0  0  0  0.2776  1.  1.  0
0.63  0.25  0.25  0.25  0.25  0.25  0.25  0.25  0.25  0.25  0.25  0.25  0.25  0  0  0  0  0  0  0  0  0  0.3269  1.  1.  0
0.612  0.25  0.25  0.25  0.25  0.25  0.25  0.25  0.25  0.25  0.25  0.25  0.25  0  0  0  0  0  0  0  0  0  0.3853  1.  1.  0
0.758  0.25  0.25  0.25  0.25  0.25  0.25  0.25  0.25  0.25  0.25  0.25  0.25  0  0  0  0  0  0  0  0  0  0.3237  1.  1.  0
0.712  0.25  0.25  0.25  0.25  0.25  0.25  0.25  0.25  0.25  0.25  0.25  0.25  0  0  0  0  0  0  0  0  0  0.3686  1.  1.  0
0.7  0.25  0.25  0.25  0.25  0.25  0.25  0.25  0.25  0.25  0.25  0.25  0.25  0  0  0  0  0  0  0  0  0  0.4135  1.  1.  0
0.84  0.25  0.25  0.25  0.25  0.25  0.25  0.25  0.25  0.25  0.25  0.25  0.25  0  0  0  0  0  0  0  0  0  0.3731  1.  1.  0
0.808  0.25  0.25  0.25  0.25  0.25  0.25  0.25  0.25  0.25  0.25  0.25  0.25  0  0  0  0  0  0  0  0  0  0.4038  1.  1.  0
0.806  0.25  0.25  0.25  0.25  0.25  0.25  0.25  0.25  0.25  0.25  0.25  0.25  0  0  0  0  0  0  0  0  0  0.4506  1.  1.  0
0.932  0.25  0.25  0.25  0.25  0.25  0.25  0.25  0.25  0.25  0.25  0.25  0.25  0  0  0  0  0  0  0  0  0  0.4006  1.  1.  0
0.914  0.25  0.25  0.25  0.25  0.25  0.25  0.25  0.25  0.25  0.25  0.25  0.25  0  0  0  0  0  0  0  0  0  0.4365  1.  1.  0
0.864  0.25  0.25  0.25  0.25  0.25  0.25  0.25  0.25  0.25  0.25  0.25  0.25  0  0  0  0  0  0  0  0  0  0.4962  1.  1.  0
1.024  0.25  0.25  0.25  0.25  0.25  0.25  0.25  0.25  0.25  0.25  0.25  0.25  0  0  0  0  0  0  0  0  0  0.4353  1.  1.  0
0.976  0.25  0.25  0.25  0.25  0.25  0.25  0.25  0.25  0.25  0.25  0.25  0.25  0  0  0  0  0  0  0  0  0  0.4808  1.  1.  0
0.934  0.25  0.25  0.25  0.25  0.25  0.25  0.25  0.25  0.25  0.25  0.25  0.25  0  0  0  0  0  0  0  0  0  0.5263  1.  1.  0
1.078  0.25  0.25  0.25  0.25  0.25  0.25  0.25  0.25  0.25  0.25  0.25  0.25  0  0  0  0  0  0  0  0  0  0.4821  1.  1.  0
1.078  0.25  0.25  0.25  0.25  0.25  0.25  0.25  0.25  0.25  0.25  0.25  0.25  0  0  0  0  0  0  0  0  0  0.5295  1.  1.  0
1.014  0.25  0.25  0.25  0.25  0.25  0.25  0.25  0.25  0.25  0.25  0.25  0.25  0  0  0  0  0  0  0  0  0  0.5622  1.  1.  0
1.152  0.25  0.25  0.25  0.25  0.25  0.25  0.25  0.25  0.25  0.25  0.25  0.25  0  0  0  0  0  0  0  0  0  0.5135  1.  1.  0
1.13  0.25  0.25  0.25  0.25  0.25  0.25  0.25  0.25  0.25  0.25  0.25  0.25  0  0  0  0  0  0  0  0  0  0.559  1.  1.  0
1.082  0.25  0.25  0.25  0.25  0.25  0.25  0.25  0.25  0.25  0.25  0.25  0.25  0  0  0  0  0  0  0  0  0  0.6083  1.  1.  0
1.27  0.25  0.25  0.25  0.25  0.25  0.25  0.25  0.25  0.25  0.25  0.25  0.25  0  0  0  0  0  0  0  0  0  0.5615  1.  1.  0
1.216  0.25  0.25  0.25  0.25  0.25  0.25  0.25  0.25  0.25  0.25  0.25  0.25  0  0  0  0  0  0  0  0  0  0.5949  1.  1.  0
1.212  0.25  0.25  0.25  0.25  0.25  0.25  0.25  0.25  0.25  0.25  0.25  0.25  0  0  0  0  0  0  0  0  0  0.6378  1.  1.  0
1.338  0.25  0.25  0.25  0.25  0.25  0.25  0.25  0.25  0.25  0.25  0.25  0.25  0  0  0  0  0  0  0  0  0  0.5737  1.  1.  0
1.336  0.25  0.25  0.25  0.25  0.25  0.25  0.25  0.25  0.25  0.25  0.25  0.25  0  0  0  0  0  0  0  0  0  0.5987  1.  1.  0
1.33  0.25  0.25  0.25  0.25  0.25  0.25  0.25  0.25  0.25  0.25  0.25  0.25  0  0  0  0  0  0  0  0  0  0.6545  1.  1.  0
1.432  0.25  0.25  0.25  0.25  0.25  0.25  0.25  0.25  0.25  0.25  0.25  0.25  0  0  0  0  0  0  0  0  0  0.5942  1.  1.  0
1.43  0.25  0.25  0.25  0.25  0.25  0.25  0.25  0.25  0.25  0.25  0.25  0.25  0  0  0  0  0  0  0  0  0  0.6474  1.  1.  0
1.  0.25  0.25  0.25  0.25  0.25  0.25  0.25  0.25  0.25  0.25  0.25  0.25  0  0  0  0  0  0  0  0  0  0.2  1.  1.  0
1.  0.25  0.25  0.25  0.25  0.25  0.25  0.25  0.25  0.25  0.25  0.25  0.25  0  0  0  0  0  0  0  0  0  0.3  1.  1.  0
1.  0.25  0.25  0.25  0.25  0.25  0.25  0.25  0.25  0.25  0.25  0.25  0.25  0  0  0  0  0  0  0  0  0  0.4  1.  1.  0
1.  0.25  0.25  0.25  0.25  0.25  0.25  0.25  0.25  0.25  0.25  0.25  0.25  0  0  0  0  0  0  0  0  0  0.5  1.  1.  0
1.  0.25  0.25  0.25  0.25  0.25  0.25  0.25  0.25  0.25  0.25  0.25  0.25  0  0  0  0  0  0  0  0  0  0.6  1.  1.  0
1.  0.25  0.25  0.25  0.25  0.25  0.25  0.25  0.25  0.25  0.25  0.25  0.25  0  0  0  0  0  0  0  0  0  0.7  1.  1.  0
1.  0.25  0.25  0.25  0.25  0.25  0.25  0.25  0.25  0.25  0.25  0.25  0.25  0  0  0  0  0  0  0  0  0  0.8  1.  1.  0
1.  0.25  0.25  0.25  0.25  0.25  0.25  0.25  0.25  0.25  0.25  0.25  0.25  0  0  0  0  0  0  0  0  0  0.9  1.  1.  0
0.25  0.25  0.25  0.25  0.25  0.25  0.25  0.25  0.25  0.25  0.25  0.25  0.25  0  0  0  0  0  0  0  0  0  0.2  1.  1.  0
0.25  0.25  0.25  0.25  0.25  0.25  0.25  0.25  0.25  0.25  0.25  0.25  0.25  0  0  0  0  0  0  0  0  0  0.3  1.  1.  0
0.25  0.25  0.25  0.25  0.25  0.25  0.25  0.25  0.25  0.25  0.25  0.25  0.25  0  0  0  0  0  0  0  0  0  0.4  1.  1.  0
0.25  0.25  0.25  0.25  0.25  0.25  0.25  0.25  0.25  0.25  0.25  0.25  0.25  0  0  0  0  0  0  0  0  0  0.5  1.  1.  0
0.25  0.25  0.25  0.25  0.25  0.25  0.25  0.25  0.25  0.25  0.25  0.25  0.25  0  0  0  0  0  0  0  0  0  0.6  1.  1.  0
0.25  0.25  0.25  0.25  0.25  0.25  0.25  0.25  0.25  0.25  0.25  0.25  0.25  0  0  0  0  0  0  0  0  0  0.7  1.  1.  0
0.25  0.25  0.25  0.25  0.25  0.25  0.25  0.25  0.25  0.25  0.25  0.25  0.25  0  0  0  0  0  0  0  0  0  0.8  1.  1.  0
0.25  0.25  0.25  0.25  0.25  0.25  0.25  0.25  0.25  0.25  0.25  0.25  0.25  0  0  0  0  0  0  0  0  0  0.9  1.  1.  0
2.2  0.25  0.25  0.25  0.25  0.25  0.25  0.25  0.25  0.25  0.25  0.25  0.25  0  0  0  0  0  0  0  0  0  0.2  1.  1.  0
2.2  0.25  0.25  0.25  0.25  0.25  0.25  0.25  0.25  0.25  0.25  0.25  0.25  0  0  0  0  0  0  0  0  0  0.3  1.  1.  0
2.2  0.25  0.25  0.25  0.25  0.25  0.25  0.25  0.25  0.25  0.25  0.25  0.25  0  0  0  0  0  0  0  0  0  0.4  1.  1.  0
2.2  0.25  0.25  0.25  0.25  0.25  0.25  0.25  0.25  0.25  0.25  0.25  0.25  0  0  0  0  0  0  0  0  0  0.5  1.  1.  0
2.2  0.25  0.25  0.25  0.25  0.25  0.25  0.25  0.25  0.25  0.25  0.25  0.25  0  0  0  0  0  0  0  0  0  0.6  1.  1.  0
2.2  0.25  0.25  0.25  0.25  0.25  0.25  0.25  0.25  0.25  0.25  0.25  0.25  0  0  0  0  0  0  0  0  0  0.7  1.  1.  0
2.2  0.25  0.25  0.25  0.25  0.25  0.25  0.25  0.25  0.25  0.25  0.25  0.25  0  0  0  0  0  0  0  0  0  0.8  1.  1.  0
2.2  0.25  0.25  0.25  0.25  0.25  0.25  0.25  0.25  0.25  0.25  0.25  0.25  0  0  0  0  0  0  0  0  0  0.9  1.  1.  0
0.2919  0.25  0.25  0.25  0.25  0.25  0.25  0.25  0.25  0.25  0.25  0.25  0.25  0  0  0  0  0  0  0  0  0  0.057  1.  1.  0
0.1088  0.25  0.25  0.25  0.25  0.25  0.25  0.25  0.25  0.25  0.25  0.25  0.25  0  0  0  0  0  0  0  0  0  0.03674  1.  1.  0
0.1123  0.25  0.25  0.25  0.25  0.25  0.25  0.25  0.25  0.25  0.25  0.25  0.25  0  0  0  0  0  0  0  0  0  0.009932  1.  1.  0
0.03786  0.25  0.25  0.25  0.25  0.25  0.25  0.25  0.25  0.25  0.25  0.25  0.25  0  0  0  0  0  0  0  0  0  0.04835  1.  1.  0
0.05446  0.25  0.25  0.25  0.25  0.25  0.25  0.25  0.25  0.25  0.25  0.25  0.25  0  0  0  0  0  0  0  0  0  0.02948  1.  1.  0
0.8506  0.25  0.25  0.25  0.25  0.25  0.25  0.25  0.25  0.25  0.25  0.25  0.25  0  0  0  0  0  0  0  0  0  0.04972  1.  1.  0
0.8932  0.25  0.25  0.25  0.25  0.25  0.25  0.25  0.25  0.25  0.25  0.25  0.25  0  0  0  0  0  0  0  0  0  0.0329  1.  1.  0
0.8062  0.25  0.25  0.25  0.25  0.25  0.25  0.25  0.25  0.25  0.25  0.25  0.25  0  0  0  0  0  0  0  0  0  0.04192  1.  1.  0
0.8824  0.25  0.25  0.25  0.25  0.25  0.25  0.25  0.25  0.25  0.25  0.25  0.25  0  0  0  0  0  0  0  0  0  0.04663  1.  1.  0
0.5046  0.25  0.25  0.25  0.25  0.25  0.25  0.25  0.25  0.25  0.25  0.25  0.25  0  0  0  0  0  0  0  0  0  0.006846  1.  1.  0
1.471  0.25  0.25  0.25  0.25  0.25  0.25  0.25  0.25  0.25  0.25  0.25  0.25  0  0  0  0  0  0  0  0  0  0.2892  1.  1.  0
1.435  0.25  0.25  0.25  0.25  0.25  0.25  0.25  0.25  0.25  0.25  0.25  0.25  0  0  0  0  0  0  0  0  0  0.1857  1.  1.  0
1.479  0.25  0.25  0.25  0.25  0.25  0.25  0.25  0.25  0.25  0.25  0.25  0.25  0  0  0  0  0  0  0  0  0  0.2603  1.  1.  0
1.372  0.25  0.25  0.25  0.25  0.25  0.25  0.25  0.25  0.25  0.25  0.25  0.25  0  0  0  0  0  0  0  0  0  0.08683  1.  1.  0
1.395  0.25  0.25  0.25  0.25  0.25  0.25  0.25  0.25  0.25  0.25  0.25  0.25  0  0  0  0  0  0  0  0  0  0.278  1.  1.  0
1.381  0.25  0.25  0.25  0.25  0.25  0.25  0.25  0.25  0.25  0.25  0.25  0.25  0  0  0  0  0  0  0  0  0  0.06066  1.  1.  0
1.394  0.25  0.25  0.25  0.25  0.25  0.25  0.25  0.25  0.25  0.25  0.25  0.25  0  0  0  0  0  0  0  0  0  0.11  1.  1.  0
2.2  0.25  0.25  0.25  0.25  0.25  0.25  0.25  0.25  0.25  0.25  0.25  0.25  0  0  0  0  0  0  0  0  0  0.005282  1.  1.  0
2.021  0.25  0.25  0.25  0.25  0.25  0.25  0.25  0.25  0.25  0.25  0.25  0.25  0  0  0  0  0  0  0  0  0  0.1381  1.  1.  0
2.094  0.25  0.25  0.25  0.25  0.25  0.25  0.25  0.25  0.25  0.25  0.25  0.25  0  0  0  0  0  0  0  0  0  0.2973  1.  1.  0
2.181  0.25  0.25  0.25  0.25  0.25  0.25  0.25  0.25  0.25  0.25  0.25  0.25  0  0  0  0  0  0  0  0  0  0.01069  1.  1.  0
2.188  0.25  0.25  0.25  0.25  0.25  0.25  0.25  0.25  0.25  0.25  0.25  0.25  0  0  0  0  0  0  0  0  0  0.09829  1.  1.  0
2.13  0.25  0.25  0.25  0.25  0.25  0.25  0.25  0.25  0.25  0.25  0.25  0.25  0  0  0  0  0  0  0  0  0  0.01584  1.  1.  0
2.032  0.25  0.25  0.25  0.25  0.25  0.25  0.25  0.25  0.25  0.25  0.25  0.25  0  0  0  0  0  0  0  0  0  0.1341  1.  1.  0
0.5109  0.25  0.25  0.25  0.25  0.25  0.25  0.25  0.25  0.25  0.25  0.25  0.25  0  0  0  0  0  0  0  0  0  0.4108  1.  1.  0
0.5015  0.25  0.25  0.25  0.25  0.25  0.25  0.25  0.25  0.25  0.25  0.25  0.25  0  0  0  0  0  0  0  0  0  0.4714  1.  1.  0
0.5105  0.25  0.25  0.25  0.25  0.25  0.25  0.25  0.25  0.25  0.25  0.25  0.25  0  0  0  0  0  0  0  0  0  0.4759  1.  1.  0
0.6061  0.25  0.25  0.25  0.25  0.25  0.25  0.25  0.25  0.25  0.25  0.25  0.25  0  0  0  0  0  0  0  0  0  0.4696  1.  1.  0
0.5314  0.25  0.25  0.25  0.25  0.25  0.25  0.25  0.25  0.25  0.25  0.25  0.25  0  0  0  0  0  0  0  0  0  0.4075  1.  1.  0
0.6564  0.25  0.25  0.25  0.25  0.25  0.25  0.25  0.25  0.25  0.25  0.25  0.25  0  0  0  0  0  0  0  0  0  0.4496  1.  1.  0
0.6305  0.25  0.25  0.25  0.25  0.25  0.25  0.25  0.25  0.25  0.25  0.25  0.25  0  0  0  0  0  0  0  0  0  0.4681  1.  1.  0
1.306  0.25  0.25  0.25  0.25  0.25  0.25  0.25  0.25  0.25  0.25  0.25  0.25  0  0  0  0  0  0  0  0  0  0.4903  1.  1.  0
1.349  0.25  0.25  0.25  0.25  0.25  0.25  0.25  0.25  0.25  0.25  0.25  0.25  0  0  0  0  0  0  0  0  0  0.4915  1.  1.  0
1.481  0.25  0.25  0.25  0.25  0.25  0.25  0.25  0.25  0.25  0.25  0.25  0.25  0  0  0  0  0  0  0  0  0  0.4905  1.  1.  0
1.382  0.25  0.25  0.25  0.25  0.25  0.25  0.25  0.25  0.25  0.25  0.25  0.25  0  0  0  0  0  0  0  0  0  0.4697  1.  1.  0
1.303  0.25  0.25  0.25  0.25  0.25  0.25  0.25  0.25  0.25  0.25  0.25  0.25  0  0  0  0  0  0  0  0  0  0.5447  1.  1.  0
1.348  0.25  0.25  0.25  0.25  0.25  0.25  0.25  0.25  0.25  0.25  0.25  0.25  0  0  0  0  0  0  0  0  0  0.5357  1.  1.  0
1.309  0.25  0.25  0.25  0.25  0.25  0.25  0.25  0.25  0.25  0.25  0.25  0.25  0  0  0  0  0  0  0  0  0  0.4233  1.  1.  0
1.306  0.25  0.25  0.25  0.25  0.25  0.25  0.25  0.25  0.25  0.25  0.25  0.25  0  0  0  0  0  0  0  0  0  0.822  1.  1.  0
2.023  0.25  0.25  0.25  0.25  0.25  0.25  0.25  0.25  0.25  0.25  0.25  0.25  0  0  0  0  0  0  0  0  0  0.8543  1.  1.  0
1.474  0.25  0.25  0.25  0.25  0.25  0.25  0.25  0.25  0.25  0.25  0.25  0.25  0  0  0  0  0  0  0  0  0  0.9025  1.  1.  0
1.68  0.25  0.25  0.25  0.25  0.25  0.25  0.25  0.25  0.25  0.25  0.25  0.25  0  0  0  0  0  0  0  0  0  0.9825  1.  1.  0
2.081  0.25  0.25  0.25  0.25  0.25  0.25  0.25  0.25  0.25  0.25  0.25  0.25  0  0  0  0  0  0  0  0  0  0.9185  1.  1.  0
0.3342  0.25  0.25  0.25  0.25  0.25  0.25  0.25  0.25  0.25  0.25  0.25  0.25  0  0  0  0  0  0  0  0  0  0.9014  1.  1.  0
2.223  0.25  0.25  0.25  0.25  0.25  0.25  0.25  0.25  0.25  0.25  0.25  0.25  0  0  0  0  0  0  0  0  0  0.9013  1.  1.  0
1.758  0.25  0.25  0.25  0.25  0.25  0.25  0.25  0.25  0.25  0.25  0.25  0.25  0  0  0  0  0  0  0  0  0  0.9797  1.  1.  0
2.275  0.25  0.25  0.25  0.25  0.25  0.25  0.25  0.25  0.25  0.25  0.25  0.25  0  0  0  0  0  0  0  0  0  0.8489  1.  1.  0
0.1679  0.25  0.25  0.25  0.25  0.25  0.25  0.25  0.25  0.25  0.25  0.25  0.25  0  0  0  0  0  0  0  0  0  0.997  1.  1.  0
0.2899  0.25  0.25  0.25  0.25  0.25  0.25  0.25  0.25  0.25  0.25  0.25  0.25  0  0  0  0  0  0  0  0  0  0.885  1.  1.  0
2.069  0.25  0.25  0.25  0.25  0.25  0.25  0.25  0.25  0.25  0.25  0.25  0.25  0  0  0  0  0  0  0  0  0  0.8452  1.  1.  0
0.2173  0.25  0.25  0.25  0.25  0.25  0.25  0.25  0.25  0.25  0.25  0.25  0.25  0  0  0  0  0  0  0  0  0  0.9404  1.  1.  0
1.109  0.25  0.25  0.25  0.25  0.25  0.25  0.25  0.25  0.25  0.25  0.25  0.25  0  0  0  0  0  0  0  0  0  0.8377  1.  1.  0
1.506  0.25  0.25  0.25  0.25  0.25  0.25  0.25  0.25  0.25  0.25  0.25  0.25  0  0  0  0  0  0  0  0  0  0.8938  1.  1.  0
0.2824  0.25  0.25  0.25  0.25  0.25  0.25  0.25  0.25  0.25  0.25  0.25  0.25  0  0  0  0  0  0  0  0  0  0.8512  1.  1.  0
1.699  0.25  0.25  0.25  0.25  0.25  0.25  0.25  0.25  0.25  0.25  0.25  0.25  0  0  0  0  0  0  0  0  0  0.8854  1.  1.  0
1.441  0.25  0.25  0.25  0.25  0.25  0.25  0.25  0.25  0.25  0.25  0.25  0.25  0  0  0  0  0  0  0  0  0  0.9324  1.  1.  0
2.428  0.25  0.25  0.25  0.25  0.25  0.25  0.25  0.25  0.25  0.25  0.25  0.25  0  0  0  0  0  0  0  0  0  0.8485  1.  1.  0
0.5526  0.25  0.25  0.25  0.25  0.25  0.25  0.25  0.25  0.25  0.25  0.25  0.25  0  0  0  0  0  0  0  0  0  0.914  1.  1.  0
2.12  0.25  0.25  0.25  0.25  0.25  0.25  0.25  0.25  0.25  0.25  0.25  0.25  0  0  0  0  0  0  0  0  0  0.6092  1.  1.  0
1.937  0.25  0.25  0.25  0.25  0.25  0.25  0.25  0.25  0.25  0.25  0.25  0.25  0  0  0  0  0  0  0  0  0  0.5616  1.  1.  0
1.96  0.25  0.25  0.25  0.25  0.25  0.25  0.25  0.25  0.25  0.25  0.25  0.25  0  0  0  0  0  0  0  0  0  0.6427  1.  1.  0
2.193  0.25  0.25  0.25  0.25  0.25  0.25  0.25  0.25  0.25  0.25  0.25  0.25  0  0  0  0  0  0  0  0  0  0.5646  1.  1.  0
2.108  0.25  0.25  0.25  0.25  0.25  0.25  0.25  0.25  0.25  0.25  0.25  0.25  0  0  0  0  0  0  0  0  0  0.5454  1.  1.  0
2.126  0.25  0.25  0.25  0.25  0.25  0.25  0.25  0.25  0.25  0.25  0.25  0.25  0  0  0  0  0  0  0  0  0  0.5683  1.  1.  0
2.137  0.25  0.25  0.25  0.25  0.25  0.25  0.25  0.25  0.25  0.25  0.25  0.25  0  0  0  0  0  0  0  0  0  0.5716  1.  1.  0
1.125  0.25  0.25  0.25  0.25  0.25  0.25  0.25  0.25  0.25  0.25  0.25  0.25  0  0  0  0  0  0  0  0  0  0.2567  1.  1.  0
1.185  0.25  0.25  0.25  0.25  0.25  0.25  0.25  0.25  0.25  0.25  0.25  0.25  0  0  0  0  0  0  0  0  0  0.1522  1.  1.  0
1.144  0.25  0.25  0.25  0.25  0.25  0.25  0.25  0.25  0.25  0.25  0.25  0.25  0  0  0  0  0  0  0  0  0  0.3934  1.  1.  0
1.165  0.25  0.25  0.25  0.25  0.25  0.25  0.25  0.25  0.25  0.25  0.25  0.25  0  0  0  0  0  0  0  0  0  0.0343  1.  1.  0
1.172  0.25  0.25  0.25  0.25  0.25  0.25  0.25  0.25  0.25  0.25  0.25  0.25  0  0  0  0  0  0  0  0  0  0.2035  1.  1.  0
1.125  0.25  0.25  0.25  0.25  0.25  0.25  0.25  0.25  0.25  0.25  0.25  0.25  0  0  0  0  0  0  0  0  0  0.1056  1.  1.  0
1.179  0.25  0.25  0.25  0.25  0.25  0.25  0.25  0.25  0.25  0.25  0.25  0.25  0  0  0  0  0  0  0  0  0  0.1972  1.  1.  0
1.196  0.25  0.25  0.25  0.25  0.25  0.25  0.25  0.25  0.25  0.25  0.25  0.25  0  0  0  0  0  0  0  0  0  0.2314  1.  1.  0
1.102  0.25  0.25  0.25  0.25  0.25  0.25  0.25  0.25  0.25  0.25  0.25  0.25  0  0  0  0  0  0  0  0  0  0.1757  1.  1.  0
1.163  0.25  0.25  0.25  0.25  0.25  0.25  0.25  0.25  0.25  0.25  0.25  0.25  0  0  0  0  0  0  0  0  0  0.06016  1.  1.  0
1.027  0.25  0.25  0.25  0.25  0.25  0.25  0.25  0.25  0.25  0.25  0.25  0.25  0  0  0  0  0  0  0  0  0  0.8507  1.  1.  0
1.42  0.25  0.25  0.25  0.25  0.25  0.25  0.25  0.25  0.25  0.25  0.25  0.25  0  0  0  0  0  0  0  0  0  0.7932  1.  1.  0
1.907  0.25  0.25  0.25  0.25  0.25  0.25  0.25  0.25  0.25  0.25  0.25  0.25  0  0  0  0  0  0  0  0  0  0.9738  1.  1.  0
0.3028  0.25  0.25  0.25  0.25  0.25  0.25  0.25  0.25  0.25  0.25  0.25  0.25  0  0  0  0  0  0  0  0  0  0.9327  1.  1.  0
0.5659  0.25  0.25  0.25  0.25  0.25  0.25  0.25  0.25  0.25  0.25  0.25  0.25  0  0  0  0  0  0  0  0  0  0.8331  1.  1.  0
2.018  0.25  0.25  0.25  0.25  0.25  0.25  0.25  0.25  0.25  0.25  0.25  0.25  0  0  0  0  0  0  0  0  0  0.936  1.  1.  0
1.027  0.25  0.25  0.25  0.25  0.25  0.25  0.25  0.25  0.25  0.25  0.25  0.25  0  0  0  0  0  0  0  0  0  0.9615  1.  1.  0
2.212  0.25  0.25  0.25  0.25  0.25  0.25  0.25  0.25  0.25  0.25  0.25  0.25  0  0  0  0  0  0  0  0  0  0.995  1.  1.  0
1.989  0.25  0.25  0.25  0.25  0.25  0.25  0.25  0.25  0.25  0.25  0.25  0.25  0  0  0  0  0  0  0  0  0  0.8734  1.  1.  0
0.9439  0.25  0.25  0.25  0.25  0.25  0.25  0.25  0.25  0.25  0.25  0.25  0.25  0  0  0  0  0  0  0  0  0  0.8852  1.  1.  0
1.5  0.25  0.25  0.25  0.25  0.25  0.25  0.25  0.25  0.25  0.25  0.25  0.25  0  0  0  0  0  0  0  0  0  0.9139  1.  1.  0
0.9072  0.25  0.25  0.25  0.25  0.25  0.25  0.25  0.25  0.25  0.25  0.25  0.25  0  0  0  0  0  0  0  0  0  0.9779  1.  1.  0
0.9983  0.25  0.25  0.25  0.25  0.25  0.25  0.25  0.25  0.25  0.25  0.25  0.25  0  0  0  0  0  0  0  0  0  0.9644  1.  1.  0
1.268  0.25  0.25  0.25  0.25  0.25  0.25  0.25  0.25  0.25  0.25  0.25  0.25  0  0  0  0  0  0  0  0  0  0.7943  1.  1.  0
0.8398  0.25  0.25  0.25  0.25  0.25  0.25  0.25  0.25  0.25  0.25  0.25  0.25  0  0  0  0  0  0  0  0  0  0.8833  1.  1.  0
1.423  0.25  0.25  0.25  0.25  0.25  0.25  0.25  0.25  0.25  0.25  0.25  0.25  0  0  0  0  0  0  0  0  0  0.8756  1.  1.  0
0.2548  0.25  0.25  0.25  0.25  0.25  0.25  0.25  0.25  0.25  0.25  0.25  0.25  0  0  0  0  0  0  0  0  0  0.8954  1.  1.  0
0.3055  0.25  0.25  0.25  0.25  0.25  0.25  0.25  0.25  0.25  0.25  0.25  0.25  0  0  0  0  0  0  0  0  0  0.8874  1.  1.  0
0.9333  0.25  0.25  0.25  0.25  0.25  0.25  0.25  0.25  0.25  0.25  0.25  0.25  0  0  0  0  0  0  0  0  0  0.9284  1.  1.  0
0.0486  0.25  0.25  0.25  0.25  0.25  0.25  0.25  0.25  0.25  0.25  0.25  0.25  0  0  0  0  0  0  0  0  0  0.8131  1.  1.  0
1.462  0.25  0.25  0.25  0.25  0.25  0.25  0.25  0.25  0.25  0.25  0.25  0.25  0  0  0  0  0  0  0  0  0  0.9721  1.  1.  0
0.07023  0.25  0.25  0.25  0.25  0.25  0.25  0.25  0.25  0.25  0.25  0.25  0.25  0  0  0  0  0  0  0  0  0  0.9495  1.  1.  0
0.8948  0.25  0.25  0.25  0.25  0.25  0.25  0.25  0.25  0.25  0.25  0.25  0.25  0  0  0  0  0  0  0  0  0  0.8442  1.  1.  0
1.986  0.25  0.25  0.25  0.25  0.25  0.25  0.25  0.25  0.25  0.25  0.25  0.25  0  0  0  0  0  0  0  0  0  0.9455  1.  1.  0
